   sep_km  orbits     dv |   sigLOS_m    sig/rho  sigLOS_RB_m    BO/RB  gain_vs_dv0
      5.0    0.25    0.0 |       0.00   0.00e+00        10.98      0.0          nan
      5.0    0.25    1.0 |     186.45   3.73e-02        11.61     16.1         0.00
      5.0    0.25    5.0 |      39.04   7.81e-03        13.68      2.9         0.00
      5.0    0.25   25.0 |      16.78   3.36e-03        10.85      1.5         0.00

      5.0    0.50    0.0 |        inf        inf         7.69      inf          nan
      5.0    0.50    1.0 |      36.09   7.22e-03         7.76      4.7          inf
      5.0    0.50    5.0 |      11.42   2.28e-03         6.19      1.8          inf
      5.0    0.50   25.0 |       7.54   1.51e-03         4.51      1.7          inf

      5.0    1.00    0.0 |        inf        inf         5.88      inf          nan
      5.0    1.00    1.0 |       9.12   1.82e-03         4.71      1.9          inf
      5.0    1.00    5.0 |       5.21   1.04e-03         3.85      1.4          inf
      5.0    1.00   25.0 |       4.54   9.07e-04         3.47      1.3          inf

      5.0    2.00    0.0 |        inf        inf         4.87      inf          nan
      5.0    2.00    1.0 |       5.53   1.11e-03         4.38      1.3          inf
      5.0    2.00    5.0 |       4.51   9.02e-04         3.80      1.2          inf
      5.0    2.00   25.0 |       4.29   8.57e-04         3.59      1.2          inf

      5.0    3.00    0.0 |        inf        inf         4.53      inf          nan
      5.0    3.00    1.0 |       5.95   1.19e-03         4.24      1.4          inf
      5.0    3.00    5.0 |       5.11   1.02e-03         3.50      1.5          inf
      5.0    3.00   25.0 |       4.82   9.63e-04         3.02      1.6          inf

     10.0    0.25    0.0 |        inf        inf        12.60      inf          nan
     10.0    0.25    1.0 |     754.83   7.55e-02        12.68     59.5          inf
     10.0    0.25    5.0 |     148.62   1.49e-02        13.45     11.0          inf
     10.0    0.25   25.0 |      42.06   4.21e-03        15.03      2.8          inf

     10.0    0.50    0.0 |        inf        inf         8.64      inf          nan
     10.0    0.50    1.0 |     137.16   1.37e-02         8.75     15.7          inf
     10.0    0.50    5.0 |      34.88   3.49e-03         8.53      4.1          inf
     10.0    0.50   25.0 |      16.19   1.62e-03         6.78      2.4          inf

     10.0    1.00    0.0 |        inf        inf         7.27      inf          nan
     10.0    1.00    1.0 |      27.12   2.71e-03         7.11      3.8          inf
     10.0    1.00    5.0 |      12.71   1.27e-03         6.79      1.9          inf
     10.0    1.00   25.0 |       9.09   9.09e-04         6.28      1.4          inf

     10.0    2.00    0.0 |        inf        inf         6.26      inf          nan
     10.0    2.00    1.0 |      13.19   1.32e-03         6.38      2.1          inf
     10.0    2.00    5.0 |       9.67   9.67e-04         6.14      1.6          inf
     10.0    2.00   25.0 |       8.66   8.66e-04         5.50      1.6          inf

     10.0    3.00    0.0 |        inf        inf         5.58      inf          nan
     10.0    3.00    1.0 |      13.67   1.37e-03         5.67      2.4          inf
     10.0    3.00    5.0 |      10.75   1.07e-03         5.32      2.0          inf
     10.0    3.00   25.0 |       9.88   9.88e-04         4.37      2.3          inf

     50.0    0.25    0.0 |        inf        inf        19.06      inf          nan
     50.0    0.25    1.0 |   19436.29   3.89e-01        19.04   1020.7          inf
     50.0    0.25    5.0 |    3848.27   7.70e-02        18.99    202.7          inf
     50.0    0.25   25.0 |     756.76   1.51e-02        18.79     40.3          inf

     50.0    0.50    0.0 |        inf        inf        15.68      inf          nan
     50.0    0.50    1.0 |    3426.82   6.85e-02        15.67    218.6          inf
     50.0    0.50    5.0 |     708.43   1.42e-02        15.66     45.2          inf
     50.0    0.50   25.0 |     178.78   3.58e-03        15.60     11.5          inf

     50.0    1.00    0.0 |  222551.34   4.45e+00        13.70  16248.6         1.00
     50.0    1.00    1.0 |     526.86   1.05e-02        13.84     38.1       422.41
     50.0    1.00    5.0 |     142.32   2.85e-03        14.05     10.1      1563.74
     50.0    1.00   25.0 |      65.22   1.30e-03        14.19      4.6      3412.31

     50.0    2.00    0.0 |   55102.05   1.10e+00         8.85   6223.2         1.00
     50.0    2.00    1.0 |     195.63   3.91e-03         8.91     22.0       281.67
     50.0    2.00    5.0 |      68.09   1.36e-03         9.01      7.6       809.21
     50.0    2.00   25.0 |      49.05   9.81e-04         9.24      5.3      1123.34

     50.0    3.00    0.0 |   29289.47   5.86e-01         7.15   4097.7         1.00
     50.0    3.00    1.0 |     179.55   3.59e-03         7.20     24.9       163.12
     50.0    3.00    5.0 |      70.69   1.41e-03         7.24      9.8       414.33
     50.0    3.00   25.0 |      54.63   1.09e-03         7.25      7.5       536.16

    200.0    0.25    0.0 |        inf        inf        25.63      inf          nan
    200.0    0.25    1.0 |  324911.02   1.62e+00        25.63  12677.4          inf
    200.0    0.25    5.0 |   66558.49   3.33e-01        25.61   2599.1          inf
    200.0    0.25   25.0 |   13210.69   6.61e-02        25.51    517.9          inf

    200.0    0.50    0.0 |  803032.62   4.02e+00        23.36  34382.7         1.00
    200.0    0.50    1.0 |   57834.16   2.89e-01        23.36   2475.7        13.89
    200.0    0.50    5.0 |   12293.96   6.15e-02        23.38    525.8        65.32
    200.0    0.50   25.0 |    2589.41   1.29e-02        23.44    110.5       310.12

    200.0    1.00    0.0 |   58557.08   2.93e-01        16.22   3610.1         1.00
    200.0    1.00    1.0 |    8495.07   4.25e-02        16.22    523.8         6.89
    200.0    1.00    5.0 |    2053.05   1.03e-02        16.21    126.7        28.52
    200.0    1.00   25.0 |     588.62   2.94e-03        16.20     36.3        99.48

    200.0    2.00    0.0 |   15213.67   7.61e-02         9.29   1638.2         1.00
    200.0    2.00    1.0 |    3111.09   1.56e-02         9.29    334.9         4.89
    200.0    2.00    5.0 |     757.47   3.79e-03         9.30     81.4        20.08
    200.0    2.00   25.0 |     282.36   1.41e-03         9.37     30.1        53.88

    200.0    3.00    0.0 |    8455.88   4.23e-02         7.42   1139.0         1.00
    200.0    3.00    1.0 |    2860.62   1.43e-02         7.43    385.2         2.96
    200.0    3.00    5.0 |     749.87   3.75e-03         7.43    100.9        11.28
    200.0    3.00   25.0 |     298.81   1.49e-03         7.44     40.2        28.30

   1000.0    0.25    0.0 | 1924107.70   1.93e+00        32.45  59296.5         1.00
   1000.0    0.25    1.0 | 1710792.01   1.71e+00        32.45  52720.0         1.12
   1000.0    0.25    5.0 | 1154693.75   1.16e+00        32.46  35576.0         1.67
   1000.0    0.25   25.0 |  417218.17   4.18e-01        32.49  12842.1         4.61

   1000.0    0.50    0.0 |  181875.32   1.82e-01        25.91   7020.4         1.00
   1000.0    0.50    1.0 |  174710.29   1.75e-01        25.90   6744.8         1.04
   1000.0    0.50    5.0 |  149211.51   1.49e-01        25.89   5763.4         1.22
   1000.0    0.50   25.0 |   80557.20   8.06e-02        25.83   3118.9         2.26

   1000.0    1.00    0.0 |   15142.48   1.52e-02        16.48    919.1         1.00
   1000.0    1.00    1.0 |   15048.17   1.51e-02        16.47    913.5         1.01
   1000.0    1.00    5.0 |   14668.51   1.47e-02        16.47    890.9         1.03
   1000.0    1.00   25.0 |   12725.34   1.27e-02        16.44    774.0         1.19

   1000.0    2.00    0.0 |    4708.98   4.71e-03         9.32    505.3         1.00
   1000.0    2.00    1.0 |    4703.08   4.71e-03         9.32    504.7         1.00
   1000.0    2.00    5.0 |    4647.45   4.65e-03         9.32    498.7         1.01
   1000.0    2.00   25.0 |    3994.71   4.00e-03         9.32    428.4         1.18

   1000.0    3.00    0.0 |    3000.70   3.00e-03         7.44    403.1         1.00
   1000.0    3.00    1.0 |    3029.26   3.03e-03         7.44    406.9         0.99
   1000.0    3.00    5.0 |    3125.02   3.13e-03         7.44    419.8         0.96
   1000.0    3.00   25.0 |    3212.22   3.22e-03         7.44    431.5         0.93

   5000.0    0.25    0.0 |  395256.84   8.09e-02        34.74  11376.0         1.00
   5000.0    0.25    1.0 |  395597.70   8.09e-02        34.74  11385.8         1.00
   5000.0    0.25    5.0 |  396965.74   8.12e-02        34.74  11425.5         1.00
   5000.0    0.25   25.0 |  403917.23   8.26e-02        34.74  11627.0         0.98

   5000.0    0.50    0.0 |   51473.99   1.05e-02        26.04   1976.6         1.00
   5000.0    0.50    1.0 |   51498.42   1.05e-02        26.04   1977.6         1.00
   5000.0    0.50    5.0 |   51596.56   1.06e-02        26.04   1981.5         1.00
   5000.0    0.50   25.0 |   52097.56   1.07e-02        26.03   2001.6         0.99

   5000.0    1.00    0.0 |    7232.32   1.48e-03        16.49    438.7         1.00
   5000.0    1.00    1.0 |    7239.66   1.48e-03        16.49    439.1         1.00
   5000.0    1.00    5.0 |    7268.97   1.49e-03        16.49    440.8         0.99
   5000.0    1.00   25.0 |    7413.92   1.52e-03        16.51    449.2         0.98

   5000.0    2.00    0.0 |    2860.23   5.85e-04         9.32    306.9         1.00
   5000.0    2.00    1.0 |    2861.92   5.86e-04         9.32    307.1         1.00
   5000.0    2.00    5.0 |    2868.64   5.87e-04         9.32    307.7         1.00
   5000.0    2.00   25.0 |    2900.80   5.94e-04         9.33    311.0         0.99

   5000.0    3.00    0.0 |    2061.29   4.22e-04         7.45    276.8         1.00
   5000.0    3.00    1.0 |    2062.56   4.22e-04         7.45    277.0         1.00
   5000.0    3.00    5.0 |    2067.52   4.23e-04         7.45    277.6         1.00
   5000.0    3.00   25.0 |    2089.94   4.28e-04         7.46    280.2         0.99

  13000.0    0.25    0.0 |  113041.65   1.02e-02        34.29   3296.5         1.00
  13000.0    0.25    1.0 |  113047.57   1.02e-02        34.29   3296.6         1.00
  13000.0    0.25    5.0 |  113071.26   1.02e-02        34.30   3296.7         1.00
  13000.0    0.25   25.0 |  113189.98   1.02e-02        34.33   3297.3         1.00

  13000.0    0.50    0.0 |   21673.63   1.95e-03        26.03    832.5         1.00
  13000.0    0.50    1.0 |   21675.43   1.95e-03        26.04    832.5         1.00
  13000.0    0.50    5.0 |   21682.62   1.95e-03        26.04    832.6         1.00
  13000.0    0.50   25.0 |   21718.48   1.96e-03        26.07    833.1         1.00

  13000.0    1.00    0.0 |    4722.41   4.26e-04        16.49    286.5         1.00
  13000.0    1.00    1.0 |    4723.90   4.26e-04        16.49    286.5         1.00
  13000.0    1.00    5.0 |    4729.84   4.26e-04        16.51    286.6         1.00
  13000.0    1.00   25.0 |    4759.28   4.29e-04        16.59    286.9         0.99

  13000.0    2.00    0.0 |    1958.25   1.77e-04         9.32    210.1         1.00
  13000.0    2.00    1.0 |    1958.53   1.77e-04         9.32    210.1         1.00
  13000.0    2.00    5.0 |    1959.66   1.77e-04         9.33    210.1         1.00
  13000.0    2.00   25.0 |    1965.17   1.77e-04         9.37    209.8         1.00

  13000.0    3.00    0.0 |    1436.57   1.29e-04         7.45    192.9         1.00
  13000.0    3.00    1.0 |    1436.77   1.30e-04         7.45    192.9         1.00
  13000.0    3.00    5.0 |    1437.54   1.30e-04         7.46    192.8         1.00
  13000.0    3.00   25.0 |    1441.22   1.30e-04         7.51    191.9         1.00

wide-envelope spot checks (a = 12 000 km)
  e=0.00 sep=    10.0 km dv=  0.0 -> sigLOS        inf m (inf rel), RB     4.17 m
  e=0.00 sep=    10.0 km dv= 25.0 -> sigLOS       5.43 m (5.43e-04 rel), RB     4.17 m
  e=0.00 sep=  1000.0 km dv=  0.0 -> sigLOS   10229.75 m (1.02e-02 rel), RB     6.51 m
  e=0.00 sep=  1000.0 km dv= 25.0 -> sigLOS    2291.57 m (2.29e-03 rel), RB     6.53 m
  e=0.00 sep= 12000.0 km dv=  0.0 -> sigLOS    3298.13 m (2.87e-04 rel), RB     6.51 m
  e=0.00 sep= 12000.0 km dv= 25.0 -> sigLOS    3359.49 m (2.92e-04 rel), RB     6.56 m
  e=0.30 sep=    10.0 km dv=  0.0 -> sigLOS        inf m (inf rel), RB     4.50 m
  e=0.30 sep=    10.0 km dv= 25.0 -> sigLOS       4.59 m (6.56e-04 rel), RB     3.95 m
  e=0.30 sep=  1000.0 km dv=  0.0 -> sigLOS    9697.46 m (1.39e-02 rel), RB     8.14 m
  e=0.30 sep=  1000.0 km dv= 25.0 -> sigLOS    1059.25 m (1.51e-03 rel), RB     8.14 m
  e=0.30 sep= 12000.0 km dv=  0.0 -> sigLOS    4499.95 m (5.25e-04 rel), RB     7.96 m
  e=0.30 sep= 12000.0 km dv= 25.0 -> sigLOS    4618.32 m (5.38e-04 rel), RB     7.98 m
  e=0.50 sep=    10.0 km dv=  0.0 -> sigLOS        inf m (inf rel), RB     5.04 m
  e=0.50 sep=    10.0 km dv= 25.0 -> sigLOS       6.70 m (1.34e-03 rel), RB     4.07 m
  e=0.50 sep=  1000.0 km dv=  0.0 -> sigLOS    4647.84 m (9.29e-03 rel), RB     9.88 m
  e=0.50 sep=  1000.0 km dv= 25.0 -> sigLOS     421.94 m (8.44e-04 rel), RB     9.89 m
  e=0.50 sep= 12000.0 km dv=  0.0 -> sigLOS    5028.00 m (7.92e-04 rel), RB     9.66 m
  e=0.50 sep= 12000.0 km dv= 25.0 -> sigLOS    5072.80 m (7.99e-04 rel), RB     9.66 m

wrote /Users/pete/space_training/web_data/results/ext_bo_observability.csv (158 rows)
