   sep_km     dI     dv   ax   orb |     sig_rng   sig_inpl  sig_plane   pl/rng   rng/rho
      5.0  0.000    0.0    -  1.00 |   681894.96      1.266      0.731   0.0000  1.36e+02
      5.0  0.000    0.0    -  3.00 |   220930.05      0.856      0.424   0.0000  4.42e+01
      5.0  0.000    1.0  pro  1.00 |        9.12      1.946      0.840   0.0921  1.82e-03
      5.0  0.000    1.0  pro  3.00 |        5.95      0.728      0.616   0.1036  1.19e-03
      5.0  0.000    1.0  nor  1.00 |        9.55      0.891      1.091   0.1143  1.91e-03
      5.0  0.000    1.0  nor  3.00 |        7.36      0.501      0.462   0.0628  1.47e-03
      5.0  0.000    5.0  pro  1.00 |        5.21      2.025      0.841   0.1612  1.04e-03
      5.0  0.000    5.0  pro  3.00 |        5.11      0.735      0.637   0.1249  1.02e-03
      5.0  0.000    5.0  nor  1.00 |        4.54      0.899      1.132   0.2493  9.08e-04
      5.0  0.000    5.0  nor  3.00 |        3.42      0.427      0.496   0.1452  6.83e-04
      5.0  0.000   25.0  pro  1.00 |        4.54      2.086      0.910   0.2006  9.07e-04
      5.0  0.000   25.0  pro  3.00 |        4.82      0.697      0.574   0.1192  9.63e-04
      5.0  0.000   25.0  nor  1.00 |        4.75      1.110      1.294   0.2722  9.51e-04
      5.0  0.000   25.0  nor  3.00 |        4.19      0.572      0.621   0.1482  8.37e-04
      5.0  0.010    0.0    -  1.00 |     4063.87      0.900      0.781   0.0002  8.13e-01
      5.0  0.010    0.0    -  3.00 |     1011.81      0.497      0.431   0.0004  2.02e-01
      5.0  0.010    1.0  pro  1.00 |        9.05      1.943      0.861   0.0952  1.81e-03
      5.0  0.010    1.0  pro  3.00 |        5.29      0.668      0.626   0.1183  1.06e-03
      5.0  0.010    1.0  nor  1.00 |        8.95      0.897      1.162   0.1298  1.79e-03
      5.0  0.010    1.0  nor  3.00 |        9.32      0.458      0.480   0.0515  1.86e-03
      5.0  0.010    5.0  pro  1.00 |        5.19      2.019      0.873   0.1681  1.04e-03
      5.0  0.010    5.0  pro  3.00 |        4.47      0.684      0.650   0.1453  8.94e-04
      5.0  0.010    5.0  nor  1.00 |        3.99      0.915      1.171   0.2933  7.98e-04
      5.0  0.010    5.0  nor  3.00 |        3.84      0.421      0.512   0.1335  7.68e-04
      5.0  0.010   25.0  pro  1.00 |        4.58      2.084      1.054   0.2299  9.17e-04
      5.0  0.010   25.0  pro  3.00 |        4.27      0.659      0.610   0.1429  8.55e-04
      5.0  0.010   25.0  nor  1.00 |        4.74      1.125      1.318   0.2784  9.47e-04
      5.0  0.010   25.0  nor  3.00 |        4.42      0.572      0.630   0.1426  8.83e-04
      5.0  0.050    0.0    -  1.00 |     1532.11      1.032      0.979   0.0006  3.06e-01
      5.0  0.050    0.0    -  3.00 |      634.17      0.408      0.531   0.0008  1.27e-01
      5.0  0.050    1.0  pro  1.00 |        8.84      1.994      1.123   0.1270  1.77e-03
      5.0  0.050    1.0  pro  3.00 |        3.17      0.522      0.767   0.2423  6.33e-04
      5.0  0.050    1.0  nor  1.00 |       13.57      1.000      1.910   0.1408  2.71e-03
      5.0  0.050    1.0  nor  3.00 |       15.81      0.395      0.673   0.0425  3.16e-03
      5.0  0.050    5.0  pro  1.00 |        5.04      2.043      1.223   0.2425  1.01e-03
      5.0  0.050    5.0  pro  3.00 |        3.35      0.562      0.817   0.2436  6.70e-04
      5.0  0.050    5.0  nor  1.00 |        3.25      1.021      1.930   0.5937  6.50e-04
      5.0  0.050    5.0  nor  3.00 |        5.31      0.425      0.692   0.1302  1.06e-03
      5.0  0.050   25.0  pro  1.00 |        5.23      2.125      1.908   0.3646  1.05e-03
      5.0  0.050   25.0  pro  3.00 |        3.40      0.646      0.823   0.2422  6.80e-04
      5.0  0.050   25.0  nor  1.00 |        4.00      1.202      1.999   0.4995  8.01e-04
      5.0  0.050   25.0  nor  3.00 |        4.45      0.553      0.765   0.1719  8.90e-04
      5.0  0.250    0.0    -  1.00 |      301.63      1.592      1.902   0.0063  6.03e-02
      5.0  0.250    0.0    -  3.00 |      157.44      0.661      1.057   0.0067  3.15e-02
      5.0  0.250    1.0  pro  1.00 |       11.48      2.779      2.081   0.1813  2.30e-03
      5.0  0.250    1.0  pro  3.00 |        3.01      0.902      1.417   0.4709  6.02e-04
      5.0  0.250    1.0  nor  1.00 |       28.21      1.551      3.764   0.1335  5.64e-03
      5.0  0.250    1.0  nor  3.00 |       38.09      0.673      1.571   0.0412  7.62e-03
      5.0  0.250    5.0  pro  1.00 |        6.35      2.823      2.173   0.3420  1.27e-03
      5.0  0.250    5.0  pro  3.00 |        3.84      1.029      1.584   0.4126  7.68e-04
      5.0  0.250    5.0  nor  1.00 |        5.55      1.608      3.821   0.6885  1.11e-03
      5.0  0.250    5.0  nor  3.00 |        9.20      0.701      1.561   0.1698  1.84e-03
      5.0  0.250   25.0  pro  1.00 |        6.20      2.897      3.305   0.5329  1.24e-03
      5.0  0.250   25.0  pro  3.00 |        4.34      1.102      1.614   0.3721  8.67e-04
      5.0  0.250   25.0  nor  1.00 |        4.60      1.892      3.863   0.8397  9.20e-04
      5.0  0.250   25.0  nor  3.00 |        4.06      0.815      1.566   0.3851  8.13e-04
      5.0  1.000    0.0    -  1.00 |       68.07      2.638      3.338   0.0490  1.36e-02
      5.0  1.000    0.0    -  3.00 |       36.90      1.379      1.951   0.0529  7.38e-03
      5.0  1.000    1.0  pro  1.00 |       19.28      4.153      3.434   0.1781  3.86e-03
      5.0  1.000    1.0  pro  3.00 |        5.40      1.815      2.603   0.4824  1.08e-03
      5.0  1.000    1.0  nor  1.00 |       38.74      2.667      4.460   0.1151  7.75e-03
      5.0  1.000    1.0  nor  3.00 |       33.48      1.384      2.265   0.0677  6.70e-03
      5.0  1.000    5.0  pro  1.00 |       10.66      4.212      3.499   0.3281  2.13e-03
      5.0  1.000    5.0  pro  3.00 |        6.71      2.070      2.884   0.4295  1.34e-03
      5.0  1.000    5.0  nor  1.00 |       11.44      2.762      4.897   0.4280  2.29e-03
      5.0  1.000    5.0  nor  3.00 |       15.30      1.404      2.867   0.1874  3.06e-03
      5.0  1.000   25.0  pro  1.00 |        9.14      4.244      4.452   0.4873  1.83e-03
      5.0  1.000   25.0  pro  3.00 |        7.45      2.178      2.971   0.3987  1.49e-03
      5.0  1.000   25.0  nor  1.00 |        7.80      3.118      4.933   0.6322  1.56e-03
      5.0  1.000   25.0  nor  3.00 |        6.13      1.536      2.939   0.4797  1.23e-03

     10.0  0.000    0.0    -  1.00 |   715005.86      2.907      1.462   0.0000  7.15e+01
     10.0  0.000    0.0    -  3.00 |   134017.29      1.568      0.847   0.0000  1.34e+01
     10.0  0.000    1.0  pro  1.00 |       27.12      3.833      1.643   0.0606  2.71e-03
     10.0  0.000    1.0  pro  3.00 |       13.67      1.401      1.167   0.0854  1.37e-03
     10.0  0.000    1.0  nor  1.00 |       35.49      1.782      2.179   0.0614  3.55e-03
     10.0  0.000    1.0  nor  3.00 |       23.63      1.023      0.921   0.0390  2.36e-03
     10.0  0.000    5.0  pro  1.00 |       12.71      3.990      1.694   0.1332  1.27e-03
     10.0  0.000    5.0  pro  3.00 |       10.75      1.477      1.277   0.1188  1.07e-03
     10.0  0.000    5.0  nor  1.00 |       10.79      1.781      2.206   0.2043  1.08e-03
     10.0  0.000    5.0  nor  3.00 |        9.05      0.919      0.944   0.1043  9.05e-04
     10.0  0.000   25.0  pro  1.00 |        9.09      4.106      1.700   0.1871  9.09e-04
     10.0  0.000   25.0  pro  3.00 |        9.88      1.430      1.219   0.1234  9.88e-04
     10.0  0.000   25.0  nor  1.00 |        8.94      1.962      2.434   0.2723  8.94e-04
     10.0  0.000   25.0  nor  3.00 |        6.85      0.954      1.133   0.1653  6.85e-04
     10.0  0.010    0.0    -  1.00 |     7362.85      1.786      1.540   0.0002  7.36e-01
     10.0  0.010    0.0    -  3.00 |     1469.31      1.024      0.854   0.0006  1.47e-01
     10.0  0.010    1.0  pro  1.00 |       27.08      3.831      1.653   0.0610  2.71e-03
     10.0  0.010    1.0  pro  3.00 |       13.04      1.360      1.171   0.0898  1.30e-03
     10.0  0.010    1.0  nor  1.00 |       34.77      1.785      2.213   0.0637  3.48e-03
     10.0  0.010    1.0  nor  3.00 |       28.69      0.988      0.933   0.0325  2.87e-03
     10.0  0.010    5.0  pro  1.00 |       12.69      3.987      1.707   0.1345  1.27e-03
     10.0  0.010    5.0  pro  3.00 |       10.35      1.444      1.282   0.1239  1.03e-03
     10.0  0.010    5.0  nor  1.00 |        9.90      1.790      2.222   0.2245  9.90e-04
     10.0  0.010    5.0  nor  3.00 |        9.66      0.889      0.954   0.0988  9.66e-04
     10.0  0.010   25.0  pro  1.00 |        9.09      4.103      1.738   0.1911  9.09e-04
     10.0  0.010   25.0  pro  3.00 |        9.46      1.403      1.231   0.1301  9.46e-04
     10.0  0.010   25.0  nor  1.00 |        8.78      1.980      2.425   0.2761  8.78e-04
     10.0  0.010   25.0  nor  3.00 |        7.19      0.963      1.141   0.1587  7.19e-04
     10.0  0.050    0.0    -  1.00 |     2296.84      1.876      1.686   0.0007  2.30e-01
     10.0  0.050    0.0    -  3.00 |      794.97      0.889      0.917   0.0012  7.95e-02
     10.0  0.050    1.0  pro  1.00 |       26.71      3.833      1.837   0.0688  2.67e-03
     10.0  0.050    1.0  pro  3.00 |        8.29      1.061      1.257   0.1516  8.29e-04
     10.0  0.050    1.0  nor  1.00 |       42.91      1.841      2.833   0.0660  4.29e-03
     10.0  0.050    1.0  nor  3.00 |       42.44      0.820      1.077   0.0254  4.24e-03
     10.0  0.050    5.0  pro  1.00 |       12.31      3.965      1.942   0.1578  1.23e-03
     10.0  0.050    5.0  pro  3.00 |        7.81      1.156      1.388   0.1777  7.81e-04
     10.0  0.050    5.0  nor  1.00 |        8.54      1.853      2.844   0.3330  8.54e-04
     10.0  0.050    5.0  nor  3.00 |       12.14      0.810      1.092   0.0899  1.21e-03
     10.0  0.050   25.0  pro  1.00 |        9.33      4.074      2.350   0.2519  9.33e-04
     10.0  0.050   25.0  pro  3.00 |        6.90      1.191      1.388   0.2013  6.90e-04
     10.0  0.050   25.0  nor  1.00 |        7.69      2.050      2.934   0.3816  7.69e-04
     10.0  0.050   25.0  nor  3.00 |        8.10      0.961      1.239   0.1530  8.10e-04
     10.0  0.250    0.0    -  1.00 |      659.20      2.565      2.791   0.0042  6.59e-02
     10.0  0.250    0.0    -  3.00 |      323.43      0.944      1.537   0.0048  3.23e-02
     10.0  0.250    1.0  pro  1.00 |       30.54      4.580      3.072   0.1006  3.05e-03
     10.0  0.250    1.0  pro  3.00 |        5.29      1.218      1.952   0.3688  5.29e-04
     10.0  0.250    1.0  nor  1.00 |       86.43      2.464      5.709   0.0661  8.64e-03
     10.0  0.250    1.0  nor  3.00 |      102.24      0.955      2.201   0.0215  1.02e-02
     10.0  0.250    5.0  pro  1.00 |       13.11      4.664      3.167   0.2415  1.31e-03
     10.0  0.250    5.0  pro  3.00 |        6.27      1.414      2.270   0.3620  6.27e-04
     10.0  0.250    5.0  nor  1.00 |       15.31      2.507      5.875   0.3837  1.53e-03
     10.0  0.250    5.0  nor  3.00 |       24.16      0.999      2.177   0.0901  2.42e-03
     10.0  0.250   25.0  pro  1.00 |       10.63      4.784      4.343   0.4086  1.06e-03
     10.0  0.250   25.0  pro  3.00 |        7.21      1.540      2.347   0.3256  7.21e-04
     10.0  0.250   25.0  nor  1.00 |        7.34      2.747      5.980   0.8151  7.34e-04
     10.0  0.250   25.0  nor  3.00 |        9.22      1.146      2.198   0.2383  9.22e-04
     10.0  1.000    0.0    -  1.00 |      142.11      4.073      5.143   0.0362  1.42e-02
     10.0  1.000    0.0    -  3.00 |       75.73      1.924      2.911   0.0384  7.57e-03
     10.0  1.000    1.0  pro  1.00 |       47.92      6.708      5.455   0.1138  4.79e-03
     10.0  1.000    1.0  pro  3.00 |        8.32      2.361      3.609   0.4335  8.32e-04
     10.0  1.000    1.0  nor  1.00 |       99.00      4.034      7.134   0.0721  9.90e-03
     10.0  1.000    1.0  nor  3.00 |       71.69      1.931      3.245   0.0453  7.17e-03
     10.0  1.000    5.0  pro  1.00 |       19.44      6.922      5.527   0.2843  1.94e-03
     10.0  1.000    5.0  pro  3.00 |        8.82      2.799      4.174   0.4731  8.82e-04
     10.0  1.000    5.0  nor  1.00 |       28.30      4.073      8.914   0.3150  2.83e-03
     10.0  1.000    5.0  nor  3.00 |       39.15      1.956      4.177   0.1067  3.92e-03
     10.0  1.000   25.0  pro  1.00 |       14.22      7.019      6.856   0.4821  1.42e-03
     10.0  1.000   25.0  pro  3.00 |       10.48      3.038      4.412   0.4208  1.05e-03
     10.0  1.000   25.0  nor  1.00 |       11.20      4.453      9.150   0.8170  1.12e-03
     10.0  1.000   25.0  nor  3.00 |       12.41      2.086      4.367   0.3520  1.24e-03

     50.0  0.000    0.0    -  1.00 |   218040.48     16.373      7.309   0.0000  4.36e+00
     50.0  0.000    0.0    -  3.00 |    29238.81      7.463      4.235   0.0001  5.85e-01
     50.0  0.000    1.0  pro  1.00 |      526.84     18.893      7.647   0.0145  1.05e-02
     50.0  0.000    1.0  pro  3.00 |      179.55      5.910      4.892   0.0272  3.59e-03
     50.0  0.000    1.0  nor  1.00 |      879.63      8.874     10.893   0.0124  1.76e-02
     50.0  0.000    1.0  nor  3.00 |      549.68      5.089      4.592   0.0084  1.10e-02
     50.0  0.000    5.0  pro  1.00 |      142.32     19.287      8.217   0.0577  2.85e-03
     50.0  0.000    5.0  pro  3.00 |       70.69      6.945      5.835   0.0825  1.41e-03
     50.0  0.000    5.0  nor  1.00 |      180.60      8.873     10.899   0.0603  3.61e-03
     50.0  0.000    5.0  nor  3.00 |      123.40      5.047      4.599   0.0373  2.47e-03
     50.0  0.000   25.0  pro  1.00 |       65.22     20.047      8.474   0.1299  1.30e-03
     50.0  0.000   25.0  pro  3.00 |       54.63      7.331      6.383   0.1168  1.09e-03
     50.0  0.000   25.0  nor  1.00 |       54.69      8.897     11.035   0.2018  1.09e-03
     50.0  0.000   25.0  nor  3.00 |       45.98      4.582      4.737   0.1030  9.20e-04
     50.0  0.010    0.0    -  1.00 |    35438.73      9.123      7.680   0.0002  7.09e-01
     50.0  0.010    0.0    -  3.00 |     6263.18      5.291      4.258   0.0007  1.25e-01
     50.0  0.010    1.0  pro  1.00 |      526.77     18.890      7.649   0.0145  1.05e-02
     50.0  0.010    1.0  pro  3.00 |      178.81      5.898      4.893   0.0274  3.58e-03
     50.0  0.010    1.0  nor  1.00 |      864.49      8.874     10.760   0.0124  1.73e-02
     50.0  0.010    1.0  nor  3.00 |      595.82      5.073      4.626   0.0078  1.19e-02
     50.0  0.010    5.0  pro  1.00 |      142.31     19.287      8.219   0.0578  2.85e-03
     50.0  0.010    5.0  pro  3.00 |       70.54      6.937      5.836   0.0827  1.41e-03
     50.0  0.010    5.0  nor  1.00 |      178.71      8.875     10.874   0.0608  3.57e-03
     50.0  0.010    5.0  nor  3.00 |      129.46      5.021      4.607   0.0356  2.59e-03
     50.0  0.010   25.0  pro  1.00 |       65.22     20.046      8.476   0.1300  1.30e-03
     50.0  0.010   25.0  pro  3.00 |       54.54      7.324      6.384   0.1171  1.09e-03
     50.0  0.010   25.0  nor  1.00 |       53.72      8.907     11.012   0.2050  1.07e-03
     50.0  0.010   25.0  nor  3.00 |       46.65      4.551      4.742   0.1017  9.33e-04
     50.0  0.050    0.0    -  1.00 |     7459.55      8.877      7.727   0.0010  1.49e-01
     50.0  0.050    0.0    -  3.00 |     1511.59      5.112      4.274   0.0028  3.02e-02
     50.0  0.050    1.0  pro  1.00 |      525.38     18.835      7.696   0.0146  1.05e-02
     50.0  0.050    1.0  pro  3.00 |      164.47      5.661      4.913   0.0299  3.29e-03
     50.0  0.050    1.0  nor  1.00 |      824.07      8.880     10.447   0.0127  1.65e-02
     50.0  0.050    1.0  nor  3.00 |      805.59      4.872      4.804   0.0060  1.61e-02
     50.0  0.050    5.0  pro  1.00 |      142.07     19.275      8.268   0.0582  2.84e-03
     50.0  0.050    5.0  pro  3.00 |       67.27      6.743      5.858   0.0871  1.35e-03
     50.0  0.050    5.0  nor  1.00 |      174.70      8.887     10.957   0.0627  3.49e-03
     50.0  0.050    5.0  nor  3.00 |      153.14      4.855      4.678   0.0305  3.06e-03
     50.0  0.050   25.0  pro  1.00 |       65.10     20.033      8.541   0.1312  1.30e-03
     50.0  0.050   25.0  pro  3.00 |       52.56      7.168      6.409   0.1220  1.05e-03
     50.0  0.050   25.0  nor  1.00 |       50.07      8.945     11.097   0.2216  1.00e-03
     50.0  0.050   25.0  nor  3.00 |       49.14      4.427      4.791   0.0975  9.83e-04
     50.0  0.250    0.0    -  1.00 |     2322.56      9.317      8.478   0.0037  4.65e-02
     50.0  0.250    0.0    -  3.00 |      799.56      4.434      4.590   0.0057  1.60e-02
     50.0  0.250    1.0  pro  1.00 |      515.38     18.380      8.613   0.0167  1.03e-02
     50.0  0.250    1.0  pro  3.00 |       96.67      4.451      5.248   0.0543  1.93e-03
     50.0  0.250    1.0  nor  1.00 |      873.43      9.169     11.343   0.0130  1.75e-02
     50.0  0.250    1.0  nor  3.00 |      788.93      3.835      5.086   0.0064  1.58e-02
     50.0  0.250    5.0  pro  1.00 |      140.03     19.220      9.235   0.0660  2.80e-03
     50.0  0.250    5.0  pro  3.00 |       41.99      5.279      6.293   0.1499  8.40e-04
     50.0  0.250    5.0  nor  1.00 |      208.06      9.158     13.636   0.0655  4.16e-03
     50.0  0.250    5.0  nor  3.00 |      224.08      3.914      5.425   0.0242  4.48e-03
     50.0  0.250   25.0  pro  1.00 |       63.21     19.900      9.759   0.1544  1.26e-03
     50.0  0.250   25.0  pro  3.00 |       39.50      5.741      6.945   0.1758  7.90e-04
     50.0  0.250   25.0  nor  1.00 |       43.05      9.247     14.138   0.3284  8.61e-04
     50.0  0.250   25.0  nor  3.00 |       61.80      4.009      5.473   0.0886  1.24e-03
     50.0  1.000    0.0    -  1.00 |      850.64     12.000     12.805   0.0151  1.70e-02
     50.0  1.000    0.0    -  3.00 |      399.59      4.357      6.971   0.0174  7.99e-03
     50.0  1.000    1.0  pro  1.00 |      534.18     18.277     13.381   0.0250  1.07e-02
     50.0  1.000    1.0  pro  3.00 |       82.57      4.678      7.602   0.0921  1.65e-03
     50.0  1.000    1.0  nor  1.00 |      727.00     11.751     14.722   0.0203  1.45e-02
     50.0  1.000    1.0  nor  3.00 |      403.22      4.305      7.301   0.0181  8.06e-03
     50.0  1.000    5.0  pro  1.00 |      158.06     21.672     14.211   0.0899  3.16e-03
     50.0  1.000    5.0  pro  3.00 |       26.20      5.629      9.031   0.3446  5.24e-04
     50.0  1.000    5.0  nor  1.00 |      335.03     11.487     22.761   0.0679  6.70e-03
     50.0  1.000    5.0  nor  3.00 |      324.65      4.237      8.912   0.0275  6.49e-03
     50.0  1.000   25.0  pro  1.00 |       66.09     22.298     14.784   0.2237  1.32e-03
     50.0  1.000   25.0  pro  3.00 |       32.04      6.415     10.399   0.3246  6.41e-04
     50.0  1.000   25.0  nor  1.00 |       68.16     11.689     26.134   0.3835  1.36e-03
     50.0  1.000   25.0  nor  3.00 |      108.83      4.552      9.751   0.0896  2.18e-03

    200.0  0.000    0.0    -  1.00 |    58483.18     65.912     29.236   0.0005  2.92e-01
    200.0  0.000    0.0    -  3.00 |     8454.79     29.787     16.940   0.0020  4.23e-02
    200.0  0.000    1.0  pro  1.00 |     8493.83     75.937     29.632   0.0035  4.25e-02
    200.0  0.000    1.0  pro  3.00 |     2860.52     20.844     17.760   0.0062  1.43e-02
    200.0  0.000    1.0  nor  1.00 |    14560.28     37.581     42.838   0.0029  7.28e-02
    200.0  0.000    1.0  nor  3.00 |     6597.64     26.179     17.473   0.0026  3.30e-02
    200.0  0.000    5.0  pro  1.00 |     2052.99     77.304     30.851   0.0150  1.03e-02
    200.0  0.000    5.0  pro  3.00 |      749.87     23.115     20.029   0.0267  3.75e-03
    200.0  0.000    5.0  nor  1.00 |     3007.51     35.028     43.558   0.0145  1.50e-02
    200.0  0.000    5.0  nor  3.00 |     2058.61     20.032     18.198   0.0088  1.03e-02
    200.0  0.000   25.0  pro  1.00 |      588.61     79.307     33.177   0.0564  2.94e-03
    200.0  0.000   25.0  pro  3.00 |      298.81     27.263     23.825   0.0797  1.49e-03
    200.0  0.000   25.0  nor  1.00 |      625.63     34.949     43.631   0.0697  3.13e-03
    200.0  0.000   25.0  nor  3.00 |      476.41     19.131     18.347   0.0385  2.38e-03
    200.0  0.010    0.0    -  1.00 |    54546.73     62.712     29.497   0.0005  2.73e-01
    200.0  0.010    0.0    -  3.00 |     8127.73     29.181     16.954   0.0021  4.06e-02
    200.0  0.010    1.0  pro  1.00 |     8481.32     75.845     29.639   0.0035  4.24e-02
    200.0  0.010    1.0  pro  3.00 |     2845.76     20.842     17.762   0.0062  1.42e-02
    200.0  0.010    1.0  nor  1.00 |    13668.11     37.252     40.771   0.0030  6.83e-02
    200.0  0.010    1.0  nor  3.00 |     7157.04     27.152     17.418   0.0024  3.58e-02
    200.0  0.010    5.0  pro  1.00 |     2052.84     77.299     30.852   0.0150  1.03e-02
    200.0  0.010    5.0  pro  3.00 |      749.40     23.112     20.029   0.0267  3.75e-03
    200.0  0.010    5.0  nor  1.00 |     2966.34     35.020     43.086   0.0145  1.48e-02
    200.0  0.010    5.0  nor  3.00 |     2163.46     20.041     18.253   0.0084  1.08e-02
    200.0  0.010   25.0  pro  1.00 |      588.61     79.307     33.177   0.0564  2.94e-03
    200.0  0.010   25.0  pro  3.00 |      298.76     27.261     23.825   0.0797  1.49e-03
    200.0  0.010   25.0  nor  1.00 |      622.58     34.950     43.530   0.0699  3.11e-03
    200.0  0.010   25.0  nor  3.00 |      483.84     19.094     18.360   0.0379  2.42e-03
    200.0  0.050    0.0    -  1.00 |    26918.05     43.025     30.792   0.0011  1.35e-01
    200.0  0.050    0.0    -  3.00 |     4870.10     23.922     17.063   0.0035  2.44e-02
    200.0  0.050    1.0  pro  1.00 |     8198.04     73.757     29.797   0.0036  4.10e-02
    200.0  0.050    1.0  pro  3.00 |     2552.59     20.812     17.791   0.0070  1.28e-02
    200.0  0.050    1.0  nor  1.00 |    10694.21     36.256     34.987   0.0033  5.35e-02
    200.0  0.050    1.0  nor  3.00 |     5928.74     25.446     17.013   0.0029  2.96e-02
    200.0  0.050    5.0  pro  1.00 |     2049.25     77.180     30.876   0.0151  1.02e-02
    200.0  0.050    5.0  pro  3.00 |      738.41     23.044     20.037   0.0271  3.69e-03
    200.0  0.050    5.0  nor  1.00 |     2810.28     34.991     41.369   0.0147  1.41e-02
    200.0  0.050    5.0  nor  3.00 |     2588.78     20.130     18.436   0.0071  1.29e-02
    200.0  0.050   25.0  pro  1.00 |      588.50     79.298     33.193   0.0564  2.94e-03
    200.0  0.050   25.0  pro  3.00 |      297.74     27.212     23.832   0.0800  1.49e-03
    200.0  0.050   25.0  nor  1.00 |      611.14     34.955     43.182   0.0707  3.06e-03
    200.0  0.050   25.0  nor  3.00 |      513.19     18.932     18.420   0.0359  2.57e-03
    200.0  0.250    0.0    -  1.00 |     6376.31     35.032     31.437   0.0049  3.19e-02
    200.0  0.250    0.0    -  3.00 |     1421.40     20.377     17.208   0.0121  7.11e-03
    200.0  0.250    1.0  pro  1.00 |     5221.24     52.957     31.288   0.0060  2.61e-02
    200.0  0.250    1.0  pro  3.00 |     1206.64     20.400     17.965   0.0149  6.03e-03
    200.0  0.250    1.0  nor  1.00 |     4879.89     34.957     29.613   0.0061  2.44e-02
    200.0  0.250    1.0  nor  3.00 |     1548.56     20.430     17.144   0.0111  7.74e-03
    200.0  0.250    5.0  pro  1.00 |     1973.16     74.638     31.410   0.0159  9.87e-03
    200.0  0.250    5.0  pro  3.00 |      578.19     21.989     20.185   0.0349  2.89e-03
    200.0  0.250    5.0  nor  1.00 |     2250.49     34.913     36.238   0.0161  1.13e-02
    200.0  0.250    5.0  nor  3.00 |     1892.29     19.901     17.502   0.0092  9.46e-03
    200.0  0.250   25.0  pro  1.00 |      585.95     79.088     33.583   0.0573  2.93e-03
    200.0  0.250   25.0  pro  3.00 |      276.15     26.163     24.001   0.0869  1.38e-03
    200.0  0.250   25.0  nor  1.00 |      572.72     34.996     42.662   0.0745  2.86e-03
    200.0  0.250   25.0  nor  3.00 |      624.43     17.829     18.842   0.0302  3.12e-03
    200.0  1.000    0.0    -  1.00 |     2423.11     36.292     34.731   0.0143  1.21e-02
    200.0  1.000    0.0    -  3.00 |      818.37     17.639     18.476   0.0226  4.09e-03
    200.0  1.000    1.0  pro  1.00 |     2387.94     38.505     35.307   0.0148  1.19e-02
    200.0  1.000    1.0  pro  3.00 |      677.92     17.684     19.270   0.0284  3.39e-03
    200.0  1.000    1.0  nor  1.00 |     2265.27     36.249     33.191   0.0147  1.13e-02
    200.0  1.000    1.0  nor  3.00 |      837.26     17.543     18.484   0.0221  4.19e-03
    200.0  1.000    5.0  pro  1.00 |     1631.26     62.980     36.185   0.0222  8.16e-03
    200.0  1.000    5.0  pro  3.00 |      303.28     18.333     21.674   0.0715  1.52e-03
    200.0  1.000    5.0  nor  1.00 |     1691.12     36.104     35.101   0.0208  8.46e-03
    200.0  1.000    5.0  nor  3.00 |      893.88     17.011     18.682   0.0209  4.47e-03
    200.0  1.000   25.0  pro  1.00 |      571.78     77.691     38.261   0.0669  2.86e-03
    200.0  1.000   25.0  pro  3.00 |      174.32     21.072     25.923   0.1487  8.72e-04
    200.0  1.000   25.0  nor  1.00 |      608.62     35.987     49.242   0.0809  3.04e-03
    200.0  1.000   25.0  nor  3.00 |      688.42     14.579     20.905   0.0304  3.44e-03

   1000.0  0.000    0.0    -  1.00 |    15141.80    329.412    146.055   0.0096  1.52e-02
   1000.0  0.000    0.0    -  3.00 |     3000.66    148.781     84.627   0.0282  3.00e-03
   1000.0  0.000    1.0  pro  1.00 |    15047.50    333.733    146.478   0.0097  1.51e-02
   1000.0  0.000    1.0  pro  3.00 |     3029.22    148.972     85.508   0.0282  3.03e-03
   1000.0  0.000    1.0  nor  1.00 |    15135.57    329.310    146.128   0.0097  1.51e-02
   1000.0  0.000    1.0  nor  3.00 |     3000.60    148.779     84.627   0.0282  3.00e-03
   1000.0  0.000    5.0  pro  1.00 |    14667.91    349.681    148.079   0.0101  1.47e-02
   1000.0  0.000    5.0  pro  3.00 |     3124.98    149.220     88.744   0.0284  3.13e-03
   1000.0  0.000    5.0  nor  1.00 |    14988.45    326.898    147.840   0.0099  1.50e-02
   1000.0  0.000    5.0  nor  3.00 |     2999.01    148.718     84.633   0.0282  3.00e-03
   1000.0  0.000   25.0  pro  1.00 |    12725.03    401.070    154.295   0.0121  1.27e-02
   1000.0  0.000   25.0  pro  3.00 |     3212.17    142.387    100.148   0.0312  3.22e-03
   1000.0  0.000   25.0  nor  1.00 |    12310.24    284.186    173.666   0.0141  1.23e-02
   1000.0  0.000   25.0  nor  3.00 |     2960.29    147.234     84.789   0.0286  2.96e-03
   1000.0  0.010    0.0    -  1.00 |    15140.11    329.382    146.061   0.0096  1.52e-02
   1000.0  0.010    0.0    -  3.00 |     3000.48    148.776     84.627   0.0282  3.00e-03
   1000.0  0.010    1.0  pro  1.00 |    15045.86    333.703    146.485   0.0097  1.51e-02
   1000.0  0.010    1.0  pro  3.00 |     3029.03    148.966     85.509   0.0282  3.03e-03
   1000.0  0.010    1.0  nor  1.00 |    15129.87    329.211    146.090   0.0097  1.51e-02
   1000.0  0.010    1.0  nor  3.00 |     3000.48    148.775     84.627   0.0282  3.00e-03
   1000.0  0.010    5.0  pro  1.00 |    14666.45    349.652    148.085   0.0101  1.47e-02
   1000.0  0.010    5.0  pro  3.00 |     3124.78    149.215     88.744   0.0284  3.13e-03
   1000.0  0.010    5.0  nor  1.00 |    14967.33    326.538    147.628   0.0099  1.50e-02
   1000.0  0.010    5.0  nor  3.00 |     2999.15    148.723     84.632   0.0282  3.00e-03
   1000.0  0.010   25.0  pro  1.00 |    12724.24    401.049    154.299   0.0121  1.27e-02
   1000.0  0.010   25.0  pro  3.00 |     3211.99    142.383    100.148   0.0312  3.21e-03
   1000.0  0.010   25.0  nor  1.00 |    12255.50    283.293    172.837   0.0141  1.23e-02
   1000.0  0.010   25.0  nor  3.00 |     2961.69    147.279     84.779   0.0286  2.96e-03
   1000.0  0.050    0.0    -  1.00 |    15099.71    328.661    146.226   0.0097  1.51e-02
   1000.0  0.050    0.0    -  3.00 |     2996.06    148.642     84.645   0.0283  3.00e-03
   1000.0  0.050    1.0  pro  1.00 |    15006.61    332.987    146.645   0.0098  1.50e-02
   1000.0  0.050    1.0  pro  3.00 |     3024.54    148.832     85.527   0.0283  3.03e-03
   1000.0  0.050    1.0  nor  1.00 |    15073.64    328.222    146.079   0.0097  1.51e-02
   1000.0  0.050    1.0  nor  3.00 |     2996.33    148.650     84.643   0.0282  3.00e-03
   1000.0  0.050    5.0  pro  1.00 |    14631.54    348.959    148.231   0.0101  1.46e-02
   1000.0  0.050    5.0  pro  3.00 |     3120.03    149.081     88.761   0.0284  3.12e-03
   1000.0  0.050    5.0  nor  1.00 |    14851.73    324.545    146.917   0.0099  1.49e-02
   1000.0  0.050    5.0  nor  3.00 |     2996.06    148.632     84.641   0.0283  3.00e-03
   1000.0  0.050   25.0  pro  1.00 |    12705.47    400.545    154.394   0.0122  1.27e-02
   1000.0  0.050   25.0  pro  3.00 |     3207.68    142.295    100.161   0.0312  3.21e-03
   1000.0  0.050   25.0  nor  1.00 |    12026.66    279.552    169.643   0.0141  1.20e-02
   1000.0  0.050   25.0  nor  3.00 |     2963.75    147.356     84.755   0.0286  2.97e-03
   1000.0  0.250    0.0    -  1.00 |    14187.90    312.501    149.786   0.0106  1.42e-02
   1000.0  0.250    0.0    -  3.00 |     2892.42    145.513     85.061   0.0294  2.90e-03
   1000.0  0.250    1.0  pro  1.00 |    14118.94    316.884    150.133   0.0106  1.41e-02
   1000.0  0.250    1.0  pro  3.00 |     2918.96    145.695     85.939   0.0294  2.92e-03
   1000.0  0.250    1.0  nor  1.00 |    14101.08    311.057    148.867   0.0106  1.41e-02
   1000.0  0.250    1.0  nor  3.00 |     2893.87    145.559     85.052   0.0294  2.90e-03
   1000.0  0.250    5.0  pro  1.00 |    13835.53    333.233    151.448   0.0109  1.38e-02
   1000.0  0.250    5.0  pro  3.00 |     3008.53    145.969     89.156   0.0296  3.01e-03
   1000.0  0.250    5.0  nor  1.00 |    13676.34    304.087    146.564   0.0107  1.37e-02
   1000.0  0.250    5.0  nor  3.00 |     2898.51    145.699     85.019   0.0293  2.90e-03
   1000.0  0.250   25.0  pro  1.00 |    12263.03    388.720    156.589   0.0128  1.23e-02
   1000.0  0.250   25.0  pro  3.00 |     3105.51    140.203    100.463   0.0323  3.11e-03
   1000.0  0.250   25.0  nor  1.00 |    10750.63    258.708    157.129   0.0146  1.08e-02
   1000.0  0.250   25.0  nor  3.00 |     2893.27    145.303     84.971   0.0294  2.90e-03
   1000.0  1.000    0.0    -  1.00 |     8614.60    220.048    166.886   0.0194  8.62e-03
   1000.0  1.000    0.0    -  3.00 |     2070.68    122.151     88.019   0.0425  2.07e-03
   1000.0  1.000    1.0  pro  1.00 |     8625.80    223.416    167.157   0.0194  8.63e-03
   1000.0  1.000    1.0  pro  3.00 |     2082.74    122.330     88.862   0.0427  2.08e-03
   1000.0  1.000    1.0  nor  1.00 |     8544.32    219.136    165.384   0.0194  8.55e-03
   1000.0  1.000    1.0  nor  3.00 |     2073.49    122.224     88.006   0.0424  2.08e-03
   1000.0  1.000    5.0  pro  1.00 |     8663.30    236.690    168.179   0.0194  8.67e-03
   1000.0  1.000    5.0  pro  3.00 |     2125.89    122.913     91.962   0.0433  2.13e-03
   1000.0  1.000    5.0  nor  1.00 |     8259.19    215.506    160.073   0.0194  8.27e-03
   1000.0  1.000    5.0  nor  3.00 |     2084.38    122.501     87.956   0.0422  2.09e-03
   1000.0  1.000   25.0  pro  1.00 |     8650.61    295.497    171.916   0.0199  8.66e-03
   1000.0  1.000   25.0  pro  3.00 |     2232.73    123.578    102.878   0.0461  2.23e-03
   1000.0  1.000   25.0  nor  1.00 |     6868.79    199.320    148.241   0.0216  6.88e-03
   1000.0  1.000   25.0  nor  3.00 |     2129.80    123.498     87.753   0.0412  2.13e-03

   5000.0  0.000    0.0    -  1.00 |     7232.31   1611.383    714.442   0.0988  1.48e-03
   5000.0  0.000    0.0    -  3.00 |     2061.29    727.774    413.961   0.2008  4.22e-04
   5000.0  0.000    1.0  pro  1.00 |     7239.65   1611.899    714.895   0.0987  1.48e-03
   5000.0  0.000    1.0  pro  3.00 |     2062.55    728.238    414.826   0.2011  4.22e-04
   5000.0  0.000    1.0  nor  1.00 |     7232.31   1611.383    714.443   0.0988  1.48e-03
   5000.0  0.000    1.0  nor  3.00 |     2061.29    727.774    413.961   0.2008  4.22e-04
   5000.0  0.000    5.0  pro  1.00 |     7268.97   1613.953    716.685   0.0986  1.49e-03
   5000.0  0.000    5.0  pro  3.00 |     2067.51    730.051    418.225   0.2023  4.23e-04
   5000.0  0.000    5.0  nor  1.00 |     7232.32   1611.384    714.444   0.0988  1.48e-03
   5000.0  0.000    5.0  nor  3.00 |     2061.29    727.775    413.962   0.2008  4.22e-04
   5000.0  0.000   25.0  pro  1.00 |     7413.91   1624.018    725.139   0.0978  1.52e-03
   5000.0  0.000   25.0  pro  3.00 |     2089.94    738.211    433.864   0.2076  4.28e-04
   5000.0  0.000   25.0  nor  1.00 |     7232.58   1611.401    714.478   0.0988  1.48e-03
   5000.0  0.000   25.0  nor  3.00 |     2061.32    727.786    413.998   0.2008  4.22e-04
   5000.0  0.010    0.0    -  1.00 |     7232.31   1611.383    714.443   0.0988  1.48e-03
   5000.0  0.010    0.0    -  3.00 |     2061.29    727.774    413.961   0.2008  4.22e-04
   5000.0  0.010    1.0  pro  1.00 |     7239.65   1611.899    714.896   0.0987  1.48e-03
   5000.0  0.010    1.0  pro  3.00 |     2062.55    728.238    414.826   0.2011  4.22e-04
   5000.0  0.010    1.0  nor  1.00 |     7232.31   1611.383    714.443   0.0988  1.48e-03
   5000.0  0.010    1.0  nor  3.00 |     2061.29    727.774    413.961   0.2008  4.22e-04
   5000.0  0.010    5.0  pro  1.00 |     7268.97   1613.953    716.686   0.0986  1.49e-03
   5000.0  0.010    5.0  pro  3.00 |     2067.51    730.051    418.225   0.2023  4.23e-04
   5000.0  0.010    5.0  nor  1.00 |     7232.32   1611.384    714.444   0.0988  1.48e-03
   5000.0  0.010    5.0  nor  3.00 |     2061.29    727.775    413.962   0.2008  4.22e-04
   5000.0  0.010   25.0  pro  1.00 |     7413.91   1624.018    725.139   0.0978  1.52e-03
   5000.0  0.010   25.0  pro  3.00 |     2089.94    738.211    433.864   0.2076  4.28e-04
   5000.0  0.010   25.0  nor  1.00 |     7232.59   1611.401    714.476   0.0988  1.48e-03
   5000.0  0.010   25.0  nor  3.00 |     2061.32    727.785    413.998   0.2008  4.22e-04
   5000.0  0.050    0.0    -  1.00 |     7232.29   1611.380    714.457   0.0988  1.48e-03
   5000.0  0.050    0.0    -  3.00 |     2061.28    727.773    413.963   0.2008  4.22e-04
   5000.0  0.050    1.0  pro  1.00 |     7239.64   1611.896    714.909   0.0987  1.48e-03
   5000.0  0.050    1.0  pro  3.00 |     2062.55    728.237    414.828   0.2011  4.22e-04
   5000.0  0.050    1.0  nor  1.00 |     7232.29   1611.380    714.456   0.0988  1.48e-03
   5000.0  0.050    1.0  nor  3.00 |     2061.28    727.773    413.963   0.2008  4.22e-04
   5000.0  0.050    5.0  pro  1.00 |     7268.95   1613.950    716.699   0.0986  1.49e-03
   5000.0  0.050    5.0  pro  3.00 |     2067.51    730.050    418.227   0.2023  4.23e-04
   5000.0  0.050    5.0  nor  1.00 |     7232.31   1611.381    714.456   0.0988  1.48e-03
   5000.0  0.050    5.0  nor  3.00 |     2061.28    727.773    413.965   0.2008  4.22e-04
   5000.0  0.050   25.0  pro  1.00 |     7413.89   1624.015    725.153   0.0978  1.52e-03
   5000.0  0.050   25.0  pro  3.00 |     2089.93    738.210    433.866   0.2076  4.28e-04
   5000.0  0.050   25.0  nor  1.00 |     7232.58   1611.400    714.482   0.0988  1.48e-03
   5000.0  0.050   25.0  nor  3.00 |     2061.31    727.783    414.002   0.2008  4.22e-04
   5000.0  0.250    0.0    -  1.00 |     7231.83   1611.297    714.793   0.0988  1.48e-03
   5000.0  0.250    0.0    -  3.00 |     2061.16    727.747    414.022   0.2009  4.22e-04
   5000.0  0.250    1.0  pro  1.00 |     7239.17   1611.813    715.247   0.0988  1.48e-03
   5000.0  0.250    1.0  pro  3.00 |     2062.43    728.211    414.887   0.2012  4.22e-04
   5000.0  0.250    1.0  nor  1.00 |     7231.83   1611.297    714.791   0.0988  1.48e-03
   5000.0  0.250    1.0  nor  3.00 |     2061.16    727.746    414.022   0.2009  4.22e-04
   5000.0  0.250    5.0  pro  1.00 |     7268.48   1613.866    717.038   0.0987  1.49e-03
   5000.0  0.250    5.0  pro  3.00 |     2067.39    730.024    418.285   0.2023  4.23e-04
   5000.0  0.250    5.0  nor  1.00 |     7231.86   1611.300    714.785   0.0988  1.48e-03
   5000.0  0.250    5.0  nor  3.00 |     2061.16    727.745    414.025   0.2009  4.22e-04
   5000.0  0.250   25.0  pro  1.00 |     7413.40   1623.930    725.498   0.0979  1.52e-03
   5000.0  0.250   25.0  pro  3.00 |     2089.82    738.187    433.920   0.2076  4.28e-04
   5000.0  0.250   25.0  nor  1.00 |     7232.20   1611.328    714.778   0.0988  1.48e-03
   5000.0  0.250   25.0  nor  3.00 |     2061.17    727.748    414.069   0.2009  4.22e-04
   5000.0  1.000    0.0    -  1.00 |     7224.65   1610.005    720.025   0.0997  1.48e-03
   5000.0  1.000    0.0    -  3.00 |     2059.24    727.336    414.932   0.2015  4.21e-04
   5000.0  1.000    1.0  pro  1.00 |     7231.98   1610.519    720.483   0.0996  1.48e-03
   5000.0  1.000    1.0  pro  3.00 |     2060.52    727.803    415.793   0.2018  4.22e-04
   5000.0  1.000    1.0  nor  1.00 |     7224.66   1610.007    720.017   0.0997  1.48e-03
   5000.0  1.000    1.0  nor  3.00 |     2059.24    727.335    414.934   0.2015  4.21e-04
   5000.0  1.000    5.0  pro  1.00 |     7261.22   1612.568    722.295   0.0995  1.49e-03
   5000.0  1.000    5.0  pro  3.00 |     2065.51    729.626    419.178   0.2029  4.23e-04
   5000.0  1.000    5.0  nor  1.00 |     7224.73   1610.016    719.986   0.0997  1.48e-03
   5000.0  1.000    5.0  nor  3.00 |     2059.22    727.328    414.942   0.2015  4.21e-04
   5000.0  1.000   25.0  pro  1.00 |     7405.81   1622.607    730.860   0.0987  1.52e-03
   5000.0  1.000   25.0  pro  3.00 |     2088.06    737.830    434.754   0.2082  4.27e-04
   5000.0  1.000   25.0  nor  1.00 |     7225.29   1610.077    719.860   0.0996  1.48e-03
   5000.0  1.000   25.0  nor  3.00 |     2059.16    727.305    415.010   0.2015  4.21e-04

  13000.0  0.000    0.0    -  1.00 |     4722.41   3657.656   1621.702   0.3434  4.26e-04
  13000.0  0.000    0.0    -  3.00 |     1436.57   1651.964    939.643   0.6541  1.29e-04
  13000.0  0.000    1.0  pro  1.00 |     4723.90   3658.095   1622.090   0.3434  4.26e-04
  13000.0  0.000    1.0  pro  3.00 |     1436.76   1652.130    940.235   0.6544  1.30e-04
  13000.0  0.000    1.0  nor  1.00 |     4722.41   3657.656   1621.702   0.3434  4.26e-04
  13000.0  0.000    1.0  nor  3.00 |     1436.57   1651.964    939.643   0.6541  1.29e-04
  13000.0  0.000    5.0  pro  1.00 |     4729.84   3659.845   1623.636   0.3433  4.26e-04
  13000.0  0.000    5.0  pro  3.00 |     1437.54   1652.788    942.582   0.6557  1.30e-04
  13000.0  0.000    5.0  nor  1.00 |     4722.42   3657.657   1621.703   0.3434  4.26e-04
  13000.0  0.000    5.0  nor  3.00 |     1436.57   1651.964    939.644   0.6541  1.29e-04
  13000.0  0.000   25.0  pro  1.00 |     4759.28   3668.490   1631.190   0.3427  4.29e-04
  13000.0  0.000   25.0  pro  3.00 |     1441.22   1655.927    953.827   0.6618  1.30e-04
  13000.0  0.000   25.0  nor  1.00 |     4722.47   3657.674   1621.720   0.3434  4.26e-04
  13000.0  0.000   25.0  nor  3.00 |     1436.58   1651.970    939.667   0.6541  1.29e-04
  13000.0  0.010    0.0    -  1.00 |     4722.41   3657.656   1621.702   0.3434  4.26e-04
  13000.0  0.010    0.0    -  3.00 |     1436.57   1651.964    939.643   0.6541  1.29e-04
  13000.0  0.010    1.0  pro  1.00 |     4723.90   3658.095   1622.090   0.3434  4.26e-04
  13000.0  0.010    1.0  pro  3.00 |     1436.76   1652.130    940.235   0.6544  1.30e-04
  13000.0  0.010    1.0  nor  1.00 |     4722.41   3657.656   1621.702   0.3434  4.26e-04
  13000.0  0.010    1.0  nor  3.00 |     1436.57   1651.964    939.643   0.6541  1.29e-04
  13000.0  0.010    5.0  pro  1.00 |     4729.84   3659.845   1623.636   0.3433  4.26e-04
  13000.0  0.010    5.0  pro  3.00 |     1437.54   1652.788    942.582   0.6557  1.30e-04
  13000.0  0.010    5.0  nor  1.00 |     4722.42   3657.657   1621.703   0.3434  4.26e-04
  13000.0  0.010    5.0  nor  3.00 |     1436.57   1651.964    939.644   0.6541  1.29e-04
  13000.0  0.010   25.0  pro  1.00 |     4759.28   3668.490   1631.190   0.3427  4.29e-04
  13000.0  0.010   25.0  pro  3.00 |     1441.22   1655.927    953.827   0.6618  1.30e-04
  13000.0  0.010   25.0  nor  1.00 |     4722.47   3657.674   1621.720   0.3434  4.26e-04
  13000.0  0.010   25.0  nor  3.00 |     1436.58   1651.970    939.667   0.6541  1.29e-04
  13000.0  0.050    0.0    -  1.00 |     4722.41   3657.656   1621.703   0.3434  4.26e-04
  13000.0  0.050    0.0    -  3.00 |     1436.57   1651.964    939.643   0.6541  1.29e-04
  13000.0  0.050    1.0  pro  1.00 |     4723.90   3658.094   1622.091   0.3434  4.26e-04
  13000.0  0.050    1.0  pro  3.00 |     1436.76   1652.130    940.235   0.6544  1.30e-04
  13000.0  0.050    1.0  nor  1.00 |     4722.41   3657.656   1621.703   0.3434  4.26e-04
  13000.0  0.050    1.0  nor  3.00 |     1436.57   1651.964    939.643   0.6541  1.29e-04
  13000.0  0.050    5.0  pro  1.00 |     4729.84   3659.844   1623.637   0.3433  4.26e-04
  13000.0  0.050    5.0  pro  3.00 |     1437.54   1652.788    942.583   0.6557  1.30e-04
  13000.0  0.050    5.0  nor  1.00 |     4722.41   3657.656   1621.704   0.3434  4.26e-04
  13000.0  0.050    5.0  nor  3.00 |     1436.57   1651.964    939.644   0.6541  1.29e-04
  13000.0  0.050   25.0  pro  1.00 |     4759.27   3668.489   1631.191   0.3427  4.29e-04
  13000.0  0.050   25.0  pro  3.00 |     1441.22   1655.927    953.827   0.6618  1.30e-04
  13000.0  0.050   25.0  nor  1.00 |     4722.47   3657.674   1621.722   0.3434  4.26e-04
  13000.0  0.050   25.0  nor  3.00 |     1436.57   1651.970    939.668   0.6541  1.29e-04
  13000.0  0.250    0.0    -  1.00 |     4722.36   3657.646   1621.725   0.3434  4.26e-04
  13000.0  0.250    0.0    -  3.00 |     1436.56   1651.964    939.647   0.6541  1.29e-04
  13000.0  0.250    1.0  pro  1.00 |     4723.85   3658.084   1622.113   0.3434  4.26e-04
  13000.0  0.250    1.0  pro  3.00 |     1436.75   1652.130    940.239   0.6544  1.30e-04
  13000.0  0.250    1.0  nor  1.00 |     4722.36   3657.646   1621.725   0.3434  4.26e-04
  13000.0  0.250    1.0  nor  3.00 |     1436.56   1651.964    939.647   0.6541  1.29e-04
  13000.0  0.250    5.0  pro  1.00 |     4729.79   3659.834   1623.659   0.3433  4.26e-04
  13000.0  0.250    5.0  pro  3.00 |     1437.52   1652.788    942.587   0.6557  1.30e-04
  13000.0  0.250    5.0  nor  1.00 |     4722.36   3657.647   1621.727   0.3434  4.26e-04
  13000.0  0.250    5.0  nor  3.00 |     1436.56   1651.964    939.649   0.6541  1.29e-04
  13000.0  0.250   25.0  pro  1.00 |     4759.22   3668.479   1631.214   0.3427  4.29e-04
  13000.0  0.250   25.0  pro  3.00 |     1441.21   1655.927    953.831   0.6618  1.30e-04
  13000.0  0.250   25.0  nor  1.00 |     4722.42   3657.664   1621.747   0.3434  4.26e-04
  13000.0  0.250   25.0  nor  3.00 |     1436.56   1651.971    939.673   0.6541  1.29e-04
  13000.0  1.000    0.0    -  1.00 |     4721.52   3657.493   1622.071   0.3435  4.26e-04
  13000.0  1.000    0.0    -  3.00 |     1436.37   1651.963    939.710   0.6542  1.29e-04
  13000.0  1.000    1.0  pro  1.00 |     4723.01   3657.932   1622.460   0.3435  4.26e-04
  13000.0  1.000    1.0  pro  3.00 |     1436.57   1652.129    940.302   0.6545  1.29e-04
  13000.0  1.000    1.0  nor  1.00 |     4721.52   3657.493   1622.072   0.3435  4.26e-04
  13000.0  1.000    1.0  nor  3.00 |     1436.37   1651.963    939.711   0.6542  1.29e-04
  13000.0  1.000    5.0  pro  1.00 |     4728.95   3659.681   1624.006   0.3434  4.26e-04
  13000.0  1.000    5.0  pro  3.00 |     1437.34   1652.787    942.649   0.6558  1.30e-04
  13000.0  1.000    5.0  nor  1.00 |     4721.53   3657.494   1622.075   0.3435  4.26e-04
  13000.0  1.000    5.0  nor  3.00 |     1436.37   1651.964    939.713   0.6542  1.29e-04
  13000.0  1.000   25.0  pro  1.00 |     4758.38   3668.324   1631.563   0.3429  4.29e-04
  13000.0  1.000   25.0  pro  3.00 |     1441.03   1655.927    953.889   0.6619  1.30e-04
  13000.0  1.000   25.0  nor  1.00 |     4721.59   3657.511   1622.105   0.3436  4.26e-04
  13000.0  1.000   25.0  nor  3.00 |     1436.38   1651.972    939.741   0.6542  1.29e-04

wrote /Users/pete/space_training/web_data/results/n3d_obs_map.csv (1225 rows)

wide envelope (a = 12 000 km)
  e=0.00 sep=    10.0 dI= 0.00 dv=  0.0     -> rng  1036376.59 m inpl      0.97 plane      0.78 (pl/rng 0.0000)
  e=0.00 sep=    10.0 dI= 0.00 dv= 25.0 pro -> rng        5.43 m inpl      2.12 plane      0.87 (pl/rng 0.1595)
  e=0.00 sep=    10.0 dI= 0.00 dv= 25.0 nor -> rng        6.19 m inpl      1.04 plane      1.17 (pl/rng 0.1883)
  e=0.00 sep=    10.0 dI= 0.10 dv=  0.0     -> rng      770.60 m inpl      0.79 plane      1.25 (pl/rng 0.0016)
  e=0.00 sep=    10.0 dI= 0.10 dv= 25.0 pro -> rng        5.11 m inpl      2.49 plane      1.86 (pl/rng 0.3649)
  e=0.00 sep=    10.0 dI= 0.10 dv= 25.0 nor -> rng        3.54 m inpl      0.92 plane      1.62 (pl/rng 0.4576)
  e=0.00 sep=    10.0 dI= 1.00 dv=  0.0     -> rng       71.33 m inpl      2.47 plane      3.60 (pl/rng 0.0505)
  e=0.00 sep=    10.0 dI= 1.00 dv= 25.0 pro -> rng       10.15 m inpl      5.69 plane      5.07 (pl/rng 0.4990)
  e=0.00 sep=    10.0 dI= 1.00 dv= 25.0 nor -> rng       10.24 m inpl      2.29 plane      4.85 (pl/rng 0.4735)
  e=0.00 sep=  1000.0 dI= 0.00 dv=  0.0     -> rng    10230.25 m inpl    130.23 plane     77.95 (pl/rng 0.0076)
  e=0.00 sep=  1000.0 dI= 0.00 dv= 25.0 pro -> rng     2291.59 m inpl    194.47 plane     92.72 (pl/rng 0.0405)
  e=0.00 sep=  1000.0 dI= 0.00 dv= 25.0 nor -> rng     4140.06 m inpl     96.30 plane     78.78 (pl/rng 0.0190)
  e=0.00 sep=  1000.0 dI= 0.10 dv=  0.0     -> rng     9700.79 m inpl    127.16 plane     78.44 (pl/rng 0.0081)
  e=0.00 sep=  1000.0 dI= 0.10 dv= 25.0 pro -> rng     2283.78 m inpl    194.15 plane     92.75 (pl/rng 0.0406)
  e=0.00 sep=  1000.0 dI= 0.10 dv= 25.0 nor -> rng     3766.99 m inpl     95.14 plane     79.10 (pl/rng 0.0210)
  e=0.00 sep=  1000.0 dI= 1.00 dv=  0.0     -> rng     3239.53 m inpl     96.93 plane     83.35 (pl/rng 0.0257)
  e=0.00 sep=  1000.0 dI= 1.00 dv= 25.0 pro -> rng     1796.14 m inpl    175.84 plane     95.07 (pl/rng 0.0529)
  e=0.00 sep=  1000.0 dI= 1.00 dv= 25.0 nor -> rng     2057.63 m inpl     90.59 plane     82.06 (pl/rng 0.0399)
  e=0.00 sep= 12000.0 dI= 0.00 dv=  0.0     -> rng     3298.14 m inpl   1498.92 plane    897.19 (pl/rng 0.2720)
  e=0.00 sep= 12000.0 dI= 0.00 dv= 25.0 pro -> rng     3359.50 m inpl   1525.53 plane    919.99 (pl/rng 0.2738)
  e=0.00 sep= 12000.0 dI= 0.00 dv= 25.0 nor -> rng     3298.25 m inpl   1498.97 plane    897.25 (pl/rng 0.2720)
  e=0.00 sep= 12000.0 dI= 0.10 dv=  0.0     -> rng     3298.12 m inpl   1498.91 plane    897.20 (pl/rng 0.2720)
  e=0.00 sep= 12000.0 dI= 0.10 dv= 25.0 pro -> rng     3359.49 m inpl   1525.53 plane    920.00 (pl/rng 0.2739)
  e=0.00 sep= 12000.0 dI= 0.10 dv= 25.0 nor -> rng     3298.25 m inpl   1498.97 plane    897.25 (pl/rng 0.2720)
  e=0.00 sep= 12000.0 dI= 1.00 dv=  0.0     -> rng     3296.85 m inpl   1498.77 plane    898.04 (pl/rng 0.2724)
  e=0.00 sep= 12000.0 dI= 1.00 dv= 25.0 pro -> rng     3358.28 m inpl   1525.39 plane    920.80 (pl/rng 0.2742)
  e=0.00 sep= 12000.0 dI= 1.00 dv= 25.0 nor -> rng     3297.12 m inpl   1498.82 plane    898.05 (pl/rng 0.2724)
  e=0.30 sep=    10.0 dI= 0.00 dv=  0.0     -> rng     9826.18 m inpl      0.98 plane      0.27 (pl/rng 0.0000)
  e=0.30 sep=    10.0 dI= 0.00 dv= 25.0 pro -> rng        3.52 m inpl      1.34 plane      0.25 (pl/rng 0.0724)
  e=0.30 sep=    10.0 dI= 0.00 dv= 25.0 nor -> rng        5.15 m inpl      0.81 plane      0.51 (pl/rng 0.0998)
  e=0.30 sep=    10.0 dI= 0.10 dv=  0.0     -> rng      557.16 m inpl      0.61 plane      0.79 (pl/rng 0.0014)
  e=0.30 sep=    10.0 dI= 0.10 dv= 25.0 pro -> rng        6.08 m inpl      2.00 plane      1.88 (pl/rng 0.3102)
  e=0.30 sep=    10.0 dI= 0.10 dv= 25.0 nor -> rng        4.95 m inpl      0.96 plane      2.52 (pl/rng 0.5082)
  e=0.30 sep=    10.0 dI= 1.00 dv=  0.0     -> rng       52.16 m inpl      2.22 plane      2.04 (pl/rng 0.0392)
  e=0.30 sep=    10.0 dI= 1.00 dv= 25.0 pro -> rng        9.49 m inpl      5.14 plane      4.24 (pl/rng 0.4463)
  e=0.30 sep=    10.0 dI= 1.00 dv= 25.0 nor -> rng        8.78 m inpl      1.95 plane      7.00 (pl/rng 0.7975)
  e=0.30 sep=  1000.0 dI= 0.00 dv=  0.0     -> rng    10717.45 m inpl    129.92 plane     27.04 (pl/rng 0.0025)
  e=0.30 sep=  1000.0 dI= 0.00 dv= 25.0 pro -> rng     1234.30 m inpl    121.54 plane     29.40 (pl/rng 0.0238)
  e=0.30 sep=  1000.0 dI= 0.00 dv= 25.0 nor -> rng     1145.24 m inpl     52.18 plane     33.03 (pl/rng 0.0288)
  e=0.30 sep=  1000.0 dI= 0.10 dv=  0.0     -> rng     8338.87 m inpl    109.83 plane     28.93 (pl/rng 0.0035)
  e=0.30 sep=  1000.0 dI= 0.10 dv= 25.0 pro -> rng     1223.26 m inpl    121.12 plane     29.49 (pl/rng 0.0241)
  e=0.30 sep=  1000.0 dI= 0.10 dv= 25.0 nor -> rng     1046.41 m inpl     53.58 plane     31.61 (pl/rng 0.0302)
  e=0.30 sep=  1000.0 dI= 1.00 dv=  0.0     -> rng     2222.62 m inpl     69.88 plane     39.42 (pl/rng 0.0177)
  e=0.30 sep=  1000.0 dI= 1.00 dv= 25.0 pro -> rng      785.59 m inpl    107.07 plane     34.35 (pl/rng 0.0437)
  e=0.30 sep=  1000.0 dI= 1.00 dv= 25.0 nor -> rng      895.71 m inpl     55.71 plane     31.72 (pl/rng 0.0354)
  e=0.30 sep= 12000.0 dI= 0.00 dv=  0.0     -> rng     4745.41 m inpl   1487.88 plane    303.37 (pl/rng 0.0639)
  e=0.30 sep= 12000.0 dI= 0.00 dv= 25.0 pro -> rng     4903.06 m inpl   1532.71 plane    309.30 (pl/rng 0.0631)
  e=0.30 sep= 12000.0 dI= 0.00 dv= 25.0 nor -> rng     4744.79 m inpl   1487.79 plane    303.46 (pl/rng 0.0640)
  e=0.30 sep= 12000.0 dI= 0.10 dv=  0.0     -> rng     4745.05 m inpl   1487.80 plane    303.43 (pl/rng 0.0639)
  e=0.30 sep= 12000.0 dI= 0.10 dv= 25.0 pro -> rng     4902.73 m inpl   1532.63 plane    309.36 (pl/rng 0.0631)
  e=0.30 sep= 12000.0 dI= 0.10 dv= 25.0 nor -> rng     4744.73 m inpl   1487.71 plane    303.42 (pl/rng 0.0639)
  e=0.30 sep= 12000.0 dI= 1.00 dv=  0.0     -> rng     4710.57 m inpl   1479.59 plane    309.11 (pl/rng 0.0656)
  e=0.30 sep= 12000.0 dI= 1.00 dv= 25.0 pro -> rng     4869.92 m inpl   1524.67 plane    315.18 (pl/rng 0.0647)
  e=0.30 sep= 12000.0 dI= 1.00 dv= 25.0 nor -> rng     4712.82 m inpl   1479.62 plane    308.29 (pl/rng 0.0654)
wrote /Users/pete/space_training/web_data/results/n3d_obs_map_wide.csv (162 rows)

1225 + 162 rows in 346.9 s
