LEO 500 km, rho0 = 5 km, i_t = 51.6 deg, sigma_beta = 1 mrad, 60 s cadence
box: 5 km / 1 m/s   plane box: 0.0417 deg pos (5.00 km) / 0.0075 deg vel

 v_tol      da_m   dI_deg    dv      axis  orb |     sig_rng    /box  sig_vrng   /vbox sig_plane  /plbox       gain
   0.0       0.0   0.0000   0.0         -  1.0 |         inf     inf       inf     inf       inf     inf        inf
   0.0       0.0   0.0000   0.0         -  3.0 |   300531.80  60.106    0.1814   0.181     0.419  0.0001          1
   0.0       0.0   0.0000   1.0       pro  1.0 |       19.08   0.004    0.0013   0.001     0.975  0.0002        inf
   0.0       0.0   0.0000   1.0       pro  3.0 |        5.57   0.001    0.0011   0.001     0.739  0.0001   2.91e+09
   0.0       0.0   0.0000   1.0       rad  1.0 |       17.03   0.003    0.0021   0.002     0.918  0.0002        inf
   0.0       0.0   0.0000   1.0       rad  3.0 |       10.46   0.002    0.0009   0.001     0.506  0.0001   8.26e+08
   0.0       0.0   0.0000   1.0       nor  1.0 |       12.47   0.002    0.0009   0.001     1.763  0.0004        inf
   0.0       0.0   0.0000   1.0       nor  3.0 |        7.47   0.001    0.0005   0.000     0.677  0.0001   1.62e+09
   0.0       0.0   0.0000   1.0  perp_los  1.0 |       11.18   0.002    0.0020   0.002     0.415  0.0001        inf
   0.0       0.0   0.0000   1.0  perp_los  3.0 |        2.77   0.001    0.0007   0.001     0.226  0.0000   1.17e+10
   0.0       0.0   0.0075   0.0         -  1.0 |     5069.86   1.014    0.0035   0.003     0.767  0.0002          1
   0.0       0.0   0.0075   0.0         -  3.0 |     1142.88   0.229    0.0008   0.001     0.424  0.0001          1
   0.0       0.0   0.0075   1.0       pro  1.0 |       19.02   0.004    0.0013   0.001     0.992  0.0002   7.11e+04
   0.0       0.0   0.0075   1.0       pro  3.0 |        5.31   0.001    0.0011   0.001     0.747  0.0001   4.63e+04
   0.0       0.0   0.0075   1.0       rad  1.0 |       16.94   0.003    0.0021   0.002     0.928  0.0002   8.96e+04
   0.0       0.0   0.0075   1.0       rad  3.0 |        9.37   0.002    0.0009   0.001     0.510  0.0001   1.49e+04
   0.0       0.0   0.0075   1.0       nor  1.0 |       12.23   0.002    0.0008   0.001     1.782  0.0004   1.72e+05
   0.0       0.0   0.0075   1.0       nor  3.0 |        6.54   0.001    0.0005   0.000     0.716  0.0001   3.05e+04
   0.0       0.0   0.0075   1.0  perp_los  1.0 |       11.18   0.002    0.0020   0.002     0.456  0.0001   2.06e+05
   0.0       0.0   0.0075   1.0  perp_los  3.0 |        2.43   0.000    0.0006   0.001     0.241  0.0000   2.21e+05
   0.0       0.0   0.0417   0.0         -  1.0 |     1718.09   0.344    0.0029   0.003     0.926  0.0002          1
   0.0       0.0   0.0417   0.0         -  3.0 |      683.84   0.137    0.0009   0.001     0.502  0.0001          1
   0.0       0.0   0.0417   1.0       pro  1.0 |       18.17   0.004    0.0014   0.001     1.292  0.0003   8.94e+03
   0.0       0.0   0.0417   1.0       pro  3.0 |        3.51   0.001    0.0011   0.001     0.894  0.0002    3.8e+04
   0.0       0.0   0.0417   1.0       rad  1.0 |       16.92   0.003    0.0022   0.002     1.110  0.0002   1.03e+04
   0.0       0.0   0.0417   1.0       rad  3.0 |        6.22   0.001    0.0006   0.001     0.592  0.0001   1.21e+04
   0.0       0.0   0.0417   1.0       nor  1.0 |       13.71   0.003    0.0009   0.001     2.144  0.0004   1.57e+04
   0.0       0.0   0.0417   1.0       nor  3.0 |        9.20   0.002    0.0004   0.000     0.949  0.0002   5.52e+03
   0.0       0.0   0.0417   1.0  perp_los  1.0 |       12.24   0.002    0.0021   0.002     0.718  0.0001   1.97e+04
   0.0       0.0   0.0417   1.0  perp_los  3.0 |        1.89   0.000    0.0004   0.000     0.350  0.0001   1.31e+05
   0.0       0.0   0.1000   0.0         -  1.0 |      824.66   0.165    0.0048   0.005     1.261  0.0003          1
   0.0       0.0   0.1000   0.0         -  3.0 |      393.55   0.079    0.0021   0.002     0.693  0.0001          1
   0.0       0.0   0.1000   1.0       pro  1.0 |       18.59   0.004    0.0016   0.002     1.702  0.0003   1.97e+03
   0.0       0.0   0.1000   1.0       pro  3.0 |        2.89   0.001    0.0013   0.001     1.172  0.0002   1.85e+04
   0.0       0.0   0.1000   1.0       rad  1.0 |       18.79   0.004    0.0026   0.003     1.466  0.0003   1.93e+03
   0.0       0.0   0.1000   1.0       rad  3.0 |        6.56   0.001    0.0007   0.001     0.775  0.0002    3.6e+03
   0.0       0.0   0.1000   1.0       nor  1.0 |       17.68   0.004    0.0011   0.001     2.814  0.0006   2.18e+03
   0.0       0.0   0.1000   1.0       nor  3.0 |       14.11   0.003    0.0004   0.000     1.357  0.0003        778
   0.0       0.0   0.1000   1.0  perp_los  1.0 |       14.96   0.003    0.0023   0.002     1.036  0.0002   3.04e+03
   0.0       0.0   0.1000   1.0  perp_los  3.0 |        2.37   0.000    0.0005   0.001     0.504  0.0001   2.76e+04
   0.0       0.0   0.2500   0.0         -  1.0 |      297.82   0.060    0.0093   0.009     1.904  0.0004          1
   0.0       0.0   0.2500   0.0         -  3.0 |      155.58   0.031    0.0046   0.005     1.057  0.0002          1
   0.0       0.0   0.2500   1.0       pro  1.0 |       22.19   0.004    0.0025   0.003     2.388  0.0005        180
   0.0       0.0   0.2500   1.0       pro  3.0 |        3.40   0.001    0.0016   0.002     1.664  0.0003   2.09e+03
   0.0       0.0   0.2500   1.0       rad  1.0 |       23.55   0.005    0.0037   0.004     2.152  0.0004        160
   0.0       0.0   0.2500   1.0       rad  3.0 |        9.48   0.002    0.0009   0.001     1.158  0.0002        270
   0.0       0.0   0.2500   1.0       nor  1.0 |       24.48   0.005    0.0017   0.002     3.807  0.0008        148
   0.0       0.0   0.2500   1.0       nor  3.0 |       21.86   0.004    0.0010   0.001     2.016  0.0004       50.7
   0.0       0.0   0.2500   1.0  perp_los  1.0 |       20.92   0.004    0.0026   0.003     1.578  0.0003        203
   0.0       0.0   0.2500   1.0  perp_los  3.0 |        3.56   0.001    0.0009   0.001     0.773  0.0002   1.91e+03
   0.0       0.0   1.0000   0.0         -  1.0 |       67.31   0.013    0.0306   0.031     3.389  0.0007          1
   0.0       0.0   1.0000   0.0         -  3.0 |       36.43   0.007    0.0167   0.017     1.994  0.0004          1
   0.0       0.0   1.0000   1.0       pro  1.0 |       34.79   0.007    0.0171   0.017     3.740  0.0007       3.74
   0.0       0.0   1.0000   1.0       pro  3.0 |        6.08   0.001    0.0022   0.002     2.892  0.0006         36
   0.0       0.0   1.0000   1.0       rad  1.0 |       32.72   0.007    0.0180   0.018     3.637  0.0007       4.23
   0.0       0.0   1.0000   1.0       rad  3.0 |       18.93   0.004    0.0054   0.005     2.165  0.0004        3.7
   0.0       0.0   1.0000   1.0       nor  1.0 |       34.85   0.007    0.0163   0.016     4.553  0.0009       3.73
   0.0       0.0   1.0000   1.0       nor  3.0 |       27.25   0.005    0.0124   0.012     2.672  0.0005       1.79
   0.0       0.0   1.0000   1.0  perp_los  1.0 |       38.37   0.008    0.0129   0.013     3.307  0.0007       3.08
   0.0       0.0   1.0000   1.0  perp_los  3.0 |        9.08   0.002    0.0077   0.008     1.075  0.0002       16.1

   0.1      60.1   0.0000   0.0         -  1.0 |    22920.20   4.584    0.4437   0.444     0.763  0.0002          1
   0.1      60.1   0.0000   0.0         -  3.0 |     2938.71   0.588    0.0567   0.057     0.485  0.0001          1
   0.1      60.1   0.0000   1.0       pro  1.0 |       19.56   0.004    0.0013   0.001     1.000  0.0002   1.37e+06
   0.1      60.1   0.0000   1.0       pro  3.0 |        5.77   0.001    0.0012   0.001     0.772  0.0002    2.6e+05
   0.1      60.1   0.0000   1.0       rad  1.0 |       17.29   0.003    0.0018   0.002     0.948  0.0002   1.76e+06
   0.1      60.1   0.0000   1.0       rad  3.0 |       10.70   0.002    0.0011   0.001     0.566  0.0001   7.54e+04
   0.1      60.1   0.0000   1.0       nor  1.0 |       12.73   0.003    0.0009   0.001     1.778  0.0004   3.24e+06
   0.1      60.1   0.0000   1.0       nor  3.0 |        8.06   0.002    0.0006   0.001     0.720  0.0001   1.33e+05
   0.1      60.1   0.0000   1.0  perp_los  1.0 |       11.72   0.002    0.0022   0.002     0.460  0.0001   3.83e+06
   0.1      60.1   0.0000   1.0  perp_los  3.0 |        3.81   0.001    0.0007   0.001     0.299  0.0001   5.93e+05
   0.1      60.1   0.0075   0.0         -  1.0 |     4911.70   0.982    0.0948   0.095     0.796  0.0002          1
   0.1      60.1   0.0075   0.0         -  3.0 |     1023.80   0.205    0.0198   0.020     0.489  0.0001          1
   0.1      60.1   0.0075   1.0       pro  1.0 |       19.49   0.004    0.0013   0.001     1.017  0.0002   6.35e+04
   0.1      60.1   0.0075   1.0       pro  3.0 |        5.52   0.001    0.0012   0.001     0.779  0.0002   3.44e+04
   0.1      60.1   0.0075   1.0       rad  1.0 |       17.21   0.003    0.0018   0.002     0.958  0.0002   8.15e+04
   0.1      60.1   0.0075   1.0       rad  3.0 |        9.82   0.002    0.0010   0.001     0.570  0.0001   1.09e+04
   0.1      60.1   0.0075   1.0       nor  1.0 |       12.50   0.003    0.0009   0.001     1.796  0.0004   1.54e+05
   0.1      60.1   0.0075   1.0       nor  3.0 |        7.01   0.001    0.0006   0.001     0.754  0.0002   2.13e+04
   0.1      60.1   0.0075   1.0  perp_los  1.0 |       11.71   0.002    0.0022   0.002     0.493  0.0001   1.76e+05
   0.1      60.1   0.0075   1.0  perp_los  3.0 |        3.33   0.001    0.0007   0.001     0.310  0.0001   9.44e+04
   0.1      60.1   0.0417   0.0         -  1.0 |     1675.64   0.335    0.0307   0.031     0.950  0.0002          1
   0.1      60.1   0.0417   0.0         -  3.0 |      613.52   0.123    0.0115   0.011     0.569  0.0001          1
   0.1      60.1   0.0417   1.0       pro  1.0 |       18.62   0.004    0.0013   0.001     1.317  0.0003    8.1e+03
   0.1      60.1   0.0417   1.0       pro  3.0 |        3.68   0.001    0.0012   0.001     0.922  0.0002   2.79e+04
   0.1      60.1   0.0417   1.0       rad  1.0 |       17.23   0.003    0.0019   0.002     1.142  0.0002   9.45e+03
   0.1      60.1   0.0417   1.0       rad  3.0 |        6.74   0.001    0.0007   0.001     0.649  0.0001   8.28e+03
   0.1      60.1   0.0417   1.0       nor  1.0 |       13.90   0.003    0.0009   0.001     2.149  0.0004   1.45e+04
   0.1      60.1   0.0417   1.0       nor  3.0 |        9.77   0.002    0.0005   0.000     0.988  0.0002   3.94e+03
   0.1      60.1   0.0417   1.0  perp_los  1.0 |       12.76   0.003    0.0023   0.002     0.748  0.0001   1.72e+04
   0.1      60.1   0.0417   1.0  perp_los  3.0 |        2.36   0.000    0.0005   0.000     0.412  0.0001   6.74e+04
   0.1      60.1   0.1000   0.0         -  1.0 |      824.09   0.165    0.0118   0.012     1.296  0.0003          1
   0.1      60.1   0.1000   0.0         -  3.0 |      381.40   0.076    0.0057   0.006     0.778  0.0002          1
   0.1      60.1   0.1000   1.0       pro  1.0 |       18.98   0.004    0.0015   0.002     1.732  0.0003   1.89e+03
   0.1      60.1   0.1000   1.0       pro  3.0 |        2.98   0.001    0.0013   0.001     1.202  0.0002   1.64e+04
   0.1      60.1   0.1000   1.0       rad  1.0 |       19.11   0.004    0.0022   0.002     1.501  0.0003   1.86e+03
   0.1      60.1   0.1000   1.0       rad  3.0 |        6.88   0.001    0.0008   0.001     0.833  0.0002   3.08e+03
   0.1      60.1   0.1000   1.0       nor  1.0 |       17.84   0.004    0.0011   0.001     2.814  0.0006   2.13e+03
   0.1      60.1   0.1000   1.0       nor  3.0 |       14.80   0.003    0.0005   0.001     1.391  0.0003        664
   0.1      60.1   0.1000   1.0  perp_los  1.0 |       15.56   0.003    0.0026   0.003     1.075  0.0002   2.81e+03
   0.1      60.1   0.1000   1.0  perp_los  3.0 |        2.82   0.001    0.0005   0.001     0.578  0.0001   1.83e+04
   0.1      60.1   0.2500   0.0         -  1.0 |      299.67   0.060    0.0036   0.004     1.954  0.0004          1
   0.1      60.1   0.2500   0.0         -  3.0 |      156.74   0.031    0.0017   0.002     1.169  0.0002          1
   0.1      60.1   0.2500   1.0       pro  1.0 |       22.58   0.005    0.0023   0.002     2.421  0.0005        176
   0.1      60.1   0.2500   1.0       pro  3.0 |        3.46   0.001    0.0016   0.002     1.701  0.0003   2.06e+03
   0.1      60.1   0.2500   1.0       rad  1.0 |       23.87   0.005    0.0033   0.003     2.195  0.0004        158
   0.1      60.1   0.2500   1.0       rad  3.0 |        9.73   0.002    0.0010   0.001     1.230  0.0002        260
   0.1      60.1   0.2500   1.0       nor  1.0 |       24.66   0.005    0.0015   0.002     3.805  0.0008        148
   0.1      60.1   0.2500   1.0       nor  3.0 |       22.97   0.005    0.0008   0.001     2.054  0.0004       46.6
   0.1      60.1   0.2500   1.0  perp_los  1.0 |       21.77   0.004    0.0029   0.003     1.633  0.0003        189
   0.1      60.1   0.2500   1.0  perp_los  3.0 |        4.20   0.001    0.0010   0.001     0.885  0.0002   1.39e+03
   0.1      60.1   1.0000   0.0         -  1.0 |       67.51   0.014    0.0293   0.029     3.421  0.0007          1
   0.1      60.1   1.0000   0.0         -  3.0 |       36.72   0.007    0.0160   0.016     2.148  0.0004          1
   0.1      60.1   1.0000   1.0       pro  1.0 |       35.37   0.007    0.0168   0.017     3.769  0.0008       3.64
   0.1      60.1   1.0000   1.0       pro  3.0 |        6.14   0.001    0.0023   0.002     2.936  0.0006       35.8
   0.1      60.1   1.0000   1.0       rad  1.0 |       32.87   0.007    0.0174   0.017     3.672  0.0007       4.22
   0.1      60.1   1.0000   1.0       rad  3.0 |       19.26   0.004    0.0053   0.005     2.281  0.0005       3.64
   0.1      60.1   1.0000   1.0       nor  1.0 |       34.84   0.007    0.0157   0.016     4.559  0.0009       3.75
   0.1      60.1   1.0000   1.0       nor  3.0 |       28.56   0.006    0.0124   0.012     2.694  0.0005       1.65
   0.1      60.1   1.0000   1.0  perp_los  1.0 |       39.19   0.008    0.0124   0.012     3.305  0.0007       2.97
   0.1      60.1   1.0000   1.0  perp_los  3.0 |        9.53   0.002    0.0076   0.008     1.239  0.0002       14.8

   0.5     300.7   0.0000   0.0         -  1.0 |     4593.26   0.919    0.4543   0.454     0.903  0.0002          1
   0.5     300.7   0.0000   0.0         -  3.0 |      633.54   0.127    0.0625   0.063     0.687  0.0001          1
   0.5     300.7   0.0000   1.0       pro  1.0 |       21.56   0.004    0.0017   0.002     1.096  0.0002   4.54e+04
   0.5     300.7   0.0000   1.0       pro  3.0 |        6.55   0.001    0.0015   0.002     0.893  0.0002   9.36e+03
   0.5     300.7   0.0000   1.0       rad  1.0 |       18.52   0.004    0.0012   0.001     1.059  0.0002   6.15e+04
   0.5     300.7   0.0000   1.0       rad  3.0 |       12.15   0.002    0.0020   0.002     0.749  0.0001   2.72e+03
   0.5     300.7   0.0000   1.0       nor  1.0 |       13.80   0.003    0.0017   0.002     1.837  0.0004   1.11e+05
   0.5     300.7   0.0000   1.0       nor  3.0 |        9.71   0.002    0.0011   0.001     0.872  0.0002   4.25e+03
   0.5     300.7   0.0000   1.0  perp_los  1.0 |       13.93   0.003    0.0034   0.003     0.628  0.0001   1.09e+05
   0.5     300.7   0.0000   1.0  perp_los  3.0 |        7.86   0.002    0.0007   0.001     0.537  0.0001    6.5e+03
   0.5     300.7   0.0075   0.0         -  1.0 |     3368.15   0.674    0.3330   0.333     0.913  0.0002          1
   0.5     300.7   0.0075   0.0         -  3.0 |      562.95   0.113    0.0556   0.056     0.691  0.0001          1
   0.5     300.7   0.0075   1.0       pro  1.0 |       21.49   0.004    0.0017   0.002     1.112  0.0002   2.46e+04
   0.5     300.7   0.0075   1.0       pro  3.0 |        6.33   0.001    0.0015   0.001     0.899  0.0002    7.9e+03
   0.5     300.7   0.0075   1.0       rad  1.0 |       18.47   0.004    0.0012   0.001     1.069  0.0002   3.32e+04
   0.5     300.7   0.0075   1.0       rad  3.0 |       11.71   0.002    0.0019   0.002     0.754  0.0002   2.31e+03
   0.5     300.7   0.0075   1.0       nor  1.0 |       13.62   0.003    0.0016   0.002     1.851  0.0004   6.12e+04
   0.5     300.7   0.0075   1.0       nor  3.0 |        8.75   0.002    0.0011   0.001     0.890  0.0002   4.14e+03
   0.5     300.7   0.0075   1.0  perp_los  1.0 |       13.94   0.003    0.0034   0.003     0.643  0.0001   5.84e+04
   0.5     300.7   0.0075   1.0  perp_los  3.0 |        7.36   0.001    0.0006   0.001     0.541  0.0001   5.85e+03
   0.5     300.7   0.0417   0.0         -  1.0 |     1453.69   0.291    0.1422   0.142     1.064  0.0002          1
   0.5     300.7   0.0417   0.0         -  3.0 |      411.34   0.082    0.0404   0.040     0.784  0.0002          1
   0.5     300.7   0.0417   1.0       pro  1.0 |       20.51   0.004    0.0016   0.002     1.408  0.0003   5.02e+03
   0.5     300.7   0.0417   1.0       pro  3.0 |        4.39   0.001    0.0013   0.001     1.032  0.0002   8.78e+03
   0.5     300.7   0.0417   1.0       rad  1.0 |       18.63   0.004    0.0011   0.001     1.256  0.0003   6.09e+03
   0.5     300.7   0.0417   1.0       rad  3.0 |        8.99   0.002    0.0014   0.001     0.841  0.0002   2.09e+03
   0.5     300.7   0.0417   1.0       nor  1.0 |       14.77   0.003    0.0017   0.002     2.169  0.0004   9.69e+03
   0.5     300.7   0.0417   1.0       nor  3.0 |       11.93   0.002    0.0012   0.001     1.117  0.0002   1.19e+03
   0.5     300.7   0.0417   1.0  perp_los  1.0 |       15.03   0.003    0.0036   0.004     0.862  0.0002   9.35e+03
   0.5     300.7   0.0417   1.0  perp_los  3.0 |        4.72   0.001    0.0005   0.000     0.621  0.0001   7.59e+03
   0.5     300.7   0.1000   0.0         -  1.0 |      791.32   0.158    0.0742   0.074     1.443  0.0003          1
   0.5     300.7   0.1000   0.0         -  3.0 |      307.64   0.062    0.0291   0.029     1.045  0.0002          1
   0.5     300.7   0.1000   1.0       pro  1.0 |       20.61   0.004    0.0016   0.002     1.842  0.0004   1.47e+03
   0.5     300.7   0.1000   1.0       pro  3.0 |        3.39   0.001    0.0014   0.001     1.316  0.0003   8.25e+03
   0.5     300.7   0.1000   1.0       rad  1.0 |       20.53   0.004    0.0012   0.001     1.627  0.0003   1.49e+03
   0.5     300.7   0.1000   1.0       rad  3.0 |        8.32   0.002    0.0013   0.001     1.029  0.0002   1.37e+03
   0.5     300.7   0.1000   1.0       nor  1.0 |       18.55   0.004    0.0021   0.002     2.811  0.0006   1.82e+03
   0.5     300.7   0.1000   1.0       nor  3.0 |       17.45   0.003    0.0017   0.002     1.514  0.0003        311
   0.5     300.7   0.1000   1.0  perp_los  1.0 |       18.14   0.004    0.0041   0.004     1.218  0.0002    1.9e+03
   0.5     300.7   0.1000   1.0  perp_los  3.0 |        4.61   0.001    0.0005   0.001     0.803  0.0002   4.46e+03
   0.5     300.7   0.2500   0.0         -  1.0 |      302.46   0.060    0.0208   0.021     2.143  0.0004          1
   0.5     300.7   0.2500   0.0         -  3.0 |      151.87   0.030    0.0107   0.011     1.541  0.0003          1
   0.5     300.7   0.2500   1.0       pro  1.0 |       24.21   0.005    0.0019   0.002     2.541  0.0005        156
   0.5     300.7   0.2500   1.0       pro  3.0 |        3.71   0.001    0.0017   0.002     1.840  0.0004   1.68e+03
   0.5     300.7   0.2500   1.0       rad  1.0 |       25.30   0.005    0.0018   0.002     2.346  0.0005        143
   0.5     300.7   0.2500   1.0       rad  3.0 |       10.74   0.002    0.0016   0.002     1.458  0.0003        200
   0.5     300.7   0.2500   1.0       nor  1.0 |       25.45   0.005    0.0023   0.002     3.797  0.0008        141
   0.5     300.7   0.2500   1.0       nor  3.0 |       26.98   0.005    0.0020   0.002     2.185  0.0004       31.7
   0.5     300.7   0.2500   1.0  perp_los  1.0 |       25.40   0.005    0.0049   0.005     1.832  0.0004        142
   0.5     300.7   0.2500   1.0  perp_los  3.0 |        6.29   0.001    0.0009   0.001     1.192  0.0002        583
   0.5     300.7   1.0000   0.0         -  1.0 |       68.07   0.014    0.0243   0.024     3.567  0.0007          1
   0.5     300.7   1.0000   0.0         -  3.0 |       37.11   0.007    0.0133   0.013     2.606  0.0005          1
   0.5     300.7   1.0000   1.0       pro  1.0 |       37.71   0.008    0.0156   0.016     3.874  0.0008       3.26
   0.5     300.7   1.0000   1.0       pro  3.0 |        6.41   0.001    0.0024   0.002     3.102  0.0006       33.6
   0.5     300.7   1.0000   1.0       rad  1.0 |       33.52   0.007    0.0150   0.015     3.808  0.0008       4.12
   0.5     300.7   1.0000   1.0       rad  3.0 |       20.34   0.004    0.0047   0.005     2.623  0.0005       3.33
   0.5     300.7   1.0000   1.0       nor  1.0 |       34.98   0.007    0.0131   0.013     4.592  0.0009       3.79
   0.5     300.7   1.0000   1.0       nor  3.0 |       32.41   0.006    0.0115   0.011     2.788  0.0006       1.31
   0.5     300.7   1.0000   1.0  perp_los  1.0 |       44.20   0.009    0.0108   0.011     3.339  0.0007       2.37
   0.5     300.7   1.0000   1.0  perp_los  3.0 |       12.80   0.003    0.0078   0.008     2.158  0.0004        8.4

   1.0     601.4   0.0000   0.0         -  1.0 |     2354.06   0.471    0.4623   0.462     1.051  0.0002          1
   1.0     601.4   0.0000   0.0         -  3.0 |      343.23   0.069    0.0673   0.067     0.874  0.0002          1
   1.0     601.4   0.0000   1.0       pro  1.0 |       24.26   0.005    0.0033   0.003     1.207  0.0002   9.42e+03
   1.0     601.4   0.0000   1.0       pro  3.0 |        7.54   0.002    0.0022   0.002     1.026  0.0002   2.07e+03
   1.0     601.4   0.0000   1.0       rad  1.0 |       20.38   0.004    0.0027   0.003     1.181  0.0002   1.33e+04
   1.0     601.4   0.0000   1.0       rad  3.0 |       14.57   0.003    0.0035   0.004     0.921  0.0002        555
   1.0     601.4   0.0000   1.0       nor  1.0 |       15.23   0.003    0.0032   0.003     1.911  0.0004   2.39e+04
   1.0     601.4   0.0000   1.0       nor  3.0 |       11.57   0.002    0.0024   0.002     1.033  0.0002        880
   1.0     601.4   0.0000   1.0  perp_los  1.0 |       16.94   0.003    0.0054   0.005     0.812  0.0002   1.93e+04
   1.0     601.4   0.0000   1.0  perp_los  3.0 |       10.46   0.002    0.0014   0.001     0.762  0.0002   1.08e+03
   1.0     601.4   0.0075   0.0         -  1.0 |     2127.01   0.425    0.4176   0.418     1.058  0.0002          1
   1.0     601.4   0.0075   0.0         -  3.0 |      334.72   0.067    0.0656   0.066     0.879  0.0002          1
   1.0     601.4   0.0075   1.0       pro  1.0 |       24.19   0.005    0.0033   0.003     1.222  0.0002   7.73e+03
   1.0     601.4   0.0075   1.0       pro  3.0 |        7.35   0.001    0.0022   0.002     1.033  0.0002   2.07e+03
   1.0     601.4   0.0075   1.0       rad  1.0 |       20.36   0.004    0.0026   0.003     1.190  0.0002   1.09e+04
   1.0     601.4   0.0075   1.0       rad  3.0 |       14.32   0.003    0.0035   0.003     0.927  0.0002        546
   1.0     601.4   0.0075   1.0       nor  1.0 |       15.10   0.003    0.0031   0.003     1.922  0.0004   1.99e+04
   1.0     601.4   0.0075   1.0       nor  3.0 |       10.89   0.002    0.0022   0.002     1.043  0.0002        944
   1.0     601.4   0.0075   1.0  perp_los  1.0 |       16.97   0.003    0.0054   0.005     0.821  0.0002   1.57e+04
   1.0     601.4   0.0075   1.0  perp_los  3.0 |       10.31   0.002    0.0013   0.001     0.766  0.0002   1.05e+03
   1.0     601.4   0.0417   0.0         -  1.0 |     1197.15   0.239    0.2338   0.234     1.218  0.0002          1
   1.0     601.4   0.0417   0.0         -  3.0 |      285.44   0.057    0.0558   0.056     0.979  0.0002          1
   1.0     601.4   0.0417   1.0       pro  1.0 |       23.10   0.005    0.0031   0.003     1.510  0.0003   2.69e+03
   1.0     601.4   0.0417   1.0       pro  3.0 |        5.36   0.001    0.0017   0.002     1.160  0.0002   2.84e+03
   1.0     601.4   0.0417   1.0       rad  1.0 |       20.62   0.004    0.0025   0.003     1.376  0.0003   3.37e+03
   1.0     601.4   0.0417   1.0       rad  3.0 |       11.99   0.002    0.0029   0.003     1.027  0.0002        566
   1.0     601.4   0.0417   1.0       nor  1.0 |       16.03   0.003    0.0032   0.003     2.200  0.0004   5.58e+03
   1.0     601.4   0.0417   1.0       nor  3.0 |       14.39   0.003    0.0028   0.003     1.245  0.0002        393
   1.0     601.4   0.0417   1.0  perp_los  1.0 |       18.22   0.004    0.0057   0.006     0.997  0.0002   4.32e+03
   1.0     601.4   0.0417   1.0  perp_los  3.0 |        8.19   0.002    0.0011   0.001     0.843  0.0002   1.21e+03
   1.0     601.4   0.1000   0.0         -  1.0 |      722.54   0.145    0.1382   0.138     1.622  0.0003          1
   1.0     601.4   0.1000   0.0         -  3.0 |      235.56   0.047    0.0452   0.045     1.259  0.0003          1
   1.0     601.4   0.1000   1.0       pro  1.0 |       22.85   0.005    0.0029   0.003     1.967  0.0004      1e+03
   1.0     601.4   0.1000   1.0       pro  3.0 |        4.00   0.001    0.0017   0.002     1.445  0.0003   3.47e+03
   1.0     601.4   0.1000   1.0       rad  1.0 |       22.57   0.005    0.0026   0.003     1.760  0.0004   1.02e+03
   1.0     601.4   0.1000   1.0       rad  3.0 |       10.55   0.002    0.0025   0.002     1.232  0.0002        498
   1.0     601.4   0.1000   1.0       nor  1.0 |       19.57   0.004    0.0039   0.004     2.811  0.0006   1.36e+03
   1.0     601.4   0.1000   1.0       nor  3.0 |       20.64   0.004    0.0039   0.004     1.646  0.0003        130
   1.0     601.4   0.1000   1.0  perp_los  1.0 |       21.78   0.004    0.0066   0.007     1.367  0.0003    1.1e+03
   1.0     601.4   0.1000   1.0  perp_los  3.0 |        7.10   0.001    0.0009   0.001     1.029  0.0002    1.1e+03
   1.0     601.4   0.2500   0.0         -  1.0 |      299.48   0.060    0.0498   0.050     2.352  0.0005          1
   1.0     601.4   0.2500   0.0         -  3.0 |      138.23   0.028    0.0232   0.023     1.861  0.0004          1
   1.0     601.4   0.2500   1.0       pro  1.0 |       26.40   0.005    0.0027   0.003     2.673  0.0005        129
   1.0     601.4   0.2500   1.0       pro  3.0 |        4.07   0.001    0.0019   0.002     1.992  0.0004   1.16e+03
   1.0     601.4   0.2500   1.0       rad  1.0 |       27.34   0.005    0.0028   0.003     2.500  0.0005        120
   1.0     601.4   0.2500   1.0       rad  3.0 |       12.13   0.002    0.0027   0.003     1.680  0.0003        130
   1.0     601.4   0.2500   1.0       nor  1.0 |       26.54   0.005    0.0046   0.005     3.791  0.0008        127
   1.0     601.4   0.2500   1.0       nor  3.0 |       31.58   0.006    0.0053   0.005     2.319  0.0005       19.2
   1.0     601.4   0.2500   1.0  perp_los  1.0 |       30.50   0.006    0.0083   0.008     2.033  0.0004       96.4
   1.0     601.4   0.2500   1.0  perp_los  3.0 |        8.54   0.002    0.0010   0.001     1.463  0.0003        262
   1.0     601.4   1.0000   0.0         -  1.0 |       68.36   0.014    0.0177   0.018     3.752  0.0008          1
   1.0     601.4   1.0000   0.0         -  3.0 |       36.93   0.007    0.0096   0.010     3.011  0.0006          1
   1.0     601.4   1.0000   1.0       pro  1.0 |       40.73   0.008    0.0137   0.014     3.987  0.0008       2.82
   1.0     601.4   1.0000   1.0       pro  3.0 |        6.76   0.001    0.0026   0.003     3.282  0.0007       29.9
   1.0     601.4   1.0000   1.0       rad  1.0 |       34.42   0.007    0.0119   0.012     3.964  0.0008       3.94
   1.0     601.4   1.0000   1.0       rad  3.0 |       21.41   0.004    0.0036   0.004     2.926  0.0006       2.97
   1.0     601.4   1.0000   1.0       nor  1.0 |       35.38   0.007    0.0099   0.010     4.644  0.0009       3.73
   1.0     601.4   1.0000   1.0       nor  3.0 |       35.74   0.007    0.0091   0.009     2.924  0.0006       1.07
   1.0     601.4   1.0000   1.0  perp_los  1.0 |       52.39   0.010    0.0081   0.008     3.439  0.0007        1.7
   1.0     601.4   1.0000   1.0  perp_los  3.0 |       15.40   0.003    0.0070   0.007     2.634  0.0005       5.75

   2.0    1202.8   0.0000   0.0         -  1.0 |     1252.37   0.250    0.4729   0.473     1.295  0.0003          1
   2.0    1202.8   0.0000   0.0         -  3.0 |      189.61   0.038    0.0716   0.072     1.158  0.0002          1
   2.0    1202.8   0.0000   1.0       pro  1.0 |       30.54   0.006    0.0083   0.008     1.409  0.0003   1.68e+03
   2.0    1202.8   0.0000   1.0       pro  3.0 |        9.64   0.002    0.0042   0.004     1.257  0.0003        387
   2.0    1202.8   0.0000   1.0       rad  1.0 |       24.81   0.005    0.0080   0.008     1.393  0.0003   2.55e+03
   2.0    1202.8   0.0000   1.0       rad  3.0 |       20.01   0.004    0.0080   0.008     1.188  0.0002       89.8
   2.0    1202.8   0.0000   1.0       nor  1.0 |       18.44   0.004    0.0071   0.007     2.063  0.0004   4.61e+03
   2.0    1202.8   0.0000   1.0       nor  3.0 |       15.81   0.003    0.0060   0.006     1.297  0.0003        144
   2.0    1202.8   0.0000   1.0  perp_los  1.0 |       23.93   0.005    0.0114   0.011     1.116  0.0002   2.74e+03
   2.0    1202.8   0.0000   1.0  perp_los  3.0 |       14.15   0.003    0.0047   0.005     1.090  0.0002        180
   2.0    1202.8   0.0075   0.0         -  1.0 |     1216.25   0.243    0.4592   0.459     1.303  0.0003          1
   2.0    1202.8   0.0075   0.0         -  3.0 |      188.72   0.038    0.0712   0.071     1.162  0.0002          1
   2.0    1202.8   0.0075   1.0       pro  1.0 |       30.47   0.006    0.0083   0.008     1.421  0.0003   1.59e+03
   2.0    1202.8   0.0075   1.0       pro  3.0 |        9.50   0.002    0.0042   0.004     1.263  0.0003        395
   2.0    1202.8   0.0075   1.0       rad  1.0 |       24.81   0.005    0.0080   0.008     1.400  0.0003    2.4e+03
   2.0    1202.8   0.0075   1.0       rad  3.0 |       19.89   0.004    0.0080   0.008     1.194  0.0002         90
   2.0    1202.8   0.0075   1.0       nor  1.0 |       18.37   0.004    0.0070   0.007     2.070  0.0004   4.38e+03
   2.0    1202.8   0.0075   1.0       nor  3.0 |       15.42   0.003    0.0058   0.006     1.302  0.0003        150
   2.0    1202.8   0.0075   1.0  perp_los  1.0 |       23.99   0.005    0.0114   0.011     1.121  0.0002   2.57e+03
   2.0    1202.8   0.0075   1.0  perp_los  3.0 |       14.09   0.003    0.0047   0.005     1.095  0.0002        179
   2.0    1202.8   0.0417   0.0         -  1.0 |      877.33   0.175    0.3303   0.330     1.479  0.0003          1
   2.0    1202.8   0.0417   0.0         -  3.0 |      177.48   0.035    0.0668   0.067     1.271  0.0003          1
   2.0    1202.8   0.0417   1.0       pro  1.0 |       29.13   0.006    0.0079   0.008     1.693  0.0003        907
   2.0    1202.8   0.0417   1.0       pro  3.0 |        7.49   0.001    0.0033   0.003     1.387  0.0003        562
   2.0    1202.8   0.0417   1.0       rad  1.0 |       25.17   0.005    0.0080   0.008     1.574  0.0003   1.22e+03
   2.0    1202.8   0.0417   1.0       rad  3.0 |       18.12   0.004    0.0072   0.007     1.312  0.0003       95.9
   2.0    1202.8   0.0417   1.0       nor  1.0 |       19.05   0.004    0.0072   0.007     2.288  0.0005   2.12e+03
   2.0    1202.8   0.0417   1.0       nor  3.0 |       19.01   0.004    0.0070   0.007     1.461  0.0003       87.2
   2.0    1202.8   0.0417   1.0  perp_los  1.0 |       25.55   0.005    0.0121   0.012     1.253  0.0003   1.18e+03
   2.0    1202.8   0.0417   1.0  perp_los  3.0 |       13.17   0.003    0.0044   0.004     1.193  0.0002        182
   2.0    1202.8   0.1000   0.0         -  1.0 |      598.02   0.120    0.2228   0.223     1.917  0.0004          1
   2.0    1202.8   0.1000   0.0         -  3.0 |      159.16   0.032    0.0593   0.059     1.557  0.0003          1
   2.0    1202.8   0.1000   1.0       pro  1.0 |       28.10   0.006    0.0073   0.007     2.183  0.0004        453
   2.0    1202.8   0.1000   1.0       pro  3.0 |        5.52   0.001    0.0026   0.003     1.674  0.0003        832
   2.0    1202.8   0.1000   1.0       rad  1.0 |       27.21   0.005    0.0085   0.008     1.975  0.0004        483
   2.0    1202.8   0.1000   1.0       rad  3.0 |       15.96   0.003    0.0062   0.006     1.551  0.0003       99.5
   2.0    1202.8   0.1000   1.0       nor  1.0 |       22.10   0.004    0.0083   0.008     2.839  0.0006        732
   2.0    1202.8   0.1000   1.0       nor  3.0 |       26.66   0.005    0.0097   0.010     1.852  0.0004       35.6
   2.0    1202.8   0.1000   1.0  perp_los  1.0 |       30.26   0.006    0.0140   0.014     1.606  0.0003        391
   2.0    1202.8   0.1000   1.0  perp_los  3.0 |       11.97   0.002    0.0038   0.004     1.401  0.0003        177
   2.0    1202.8   0.2500   0.0         -  1.0 |      286.19   0.057    0.0998   0.100     2.696  0.0005          1
   2.0    1202.8   0.2500   0.0         -  3.0 |      112.73   0.023    0.0395   0.039     2.243  0.0004          1
   2.0    1202.8   0.2500   1.0       pro  1.0 |       31.37   0.006    0.0072   0.007     2.904  0.0006       83.2
   2.0    1202.8   0.2500   1.0       pro  3.0 |        4.97   0.001    0.0025   0.003     2.245  0.0004        515
   2.0    1202.8   0.2500   1.0       rad  1.0 |       32.04   0.006    0.0093   0.009     2.747  0.0005       79.8
   2.0    1202.8   0.2500   1.0       rad  3.0 |       15.60   0.003    0.0058   0.006     2.030  0.0004       52.2
   2.0    1202.8   0.2500   1.0       nor  1.0 |       29.05   0.006    0.0102   0.010     3.807  0.0008         97
   2.0    1202.8   0.2500   1.0       nor  3.0 |       40.17   0.008    0.0139   0.014     2.511  0.0005       7.88
   2.0    1202.8   0.2500   1.0  perp_los  1.0 |       42.70   0.009    0.0186   0.019     2.323  0.0005       44.9
   2.0    1202.8   0.2500   1.0  perp_los  3.0 |       12.48   0.002    0.0036   0.004     1.877  0.0004       81.6
   2.0    1202.8   1.0000   0.0         -  1.0 |       68.68   0.014    0.0054   0.005     4.073  0.0008          1
   2.0    1202.8   1.0000   0.0         -  3.0 |       36.05   0.007    0.0034   0.003     3.567  0.0007          1
   2.0    1202.8   1.0000   1.0       pro  1.0 |       47.00   0.009    0.0087   0.009     4.187  0.0008       2.14
   2.0    1202.8   1.0000   1.0       pro  3.0 |        7.54   0.002    0.0031   0.003     3.580  0.0007       22.8
   2.0    1202.8   1.0000   1.0       rad  1.0 |       36.49   0.007    0.0058   0.006     4.233  0.0008       3.54
   2.0    1202.8   1.0000   1.0       rad  3.0 |       23.13   0.005    0.0029   0.003     3.366  0.0007       2.43
   2.0    1202.8   1.0000   1.0       nor  1.0 |       36.64   0.007    0.0044   0.004     4.776  0.0010       3.51
   2.0    1202.8   1.0000   1.0       nor  3.0 |       39.37   0.008    0.0035   0.003     3.266  0.0007      0.839
   2.0    1202.8   1.0000   1.0  perp_los  1.0 |       66.15   0.013    0.0043   0.004     3.753  0.0008       1.08
   2.0    1202.8   1.0000   1.0  perp_los  3.0 |       18.16   0.004    0.0043   0.004     3.253  0.0007       3.94

  10.0    6014.1   0.0000   0.0         -  1.0 |      456.80   0.091    0.3791   0.379     2.822  0.0006          1
  10.0    6014.1   0.0000   0.0         -  3.0 |       64.50   0.013    0.0540   0.054     2.718  0.0005          1
  10.0    6014.1   0.0000   1.0       pro  1.0 |      173.54   0.035    0.1109   0.111     2.867  0.0006       6.93
  10.0    6014.1   0.0000   1.0       pro  3.0 |       38.21   0.008    0.0321   0.032     2.750  0.0005       2.85
  10.0    6014.1   0.0000   1.0       rad  1.0 |       83.31   0.017    0.0701   0.070     2.863  0.0006       30.1
  10.0    6014.1   0.0000   1.0       rad  3.0 |       51.63   0.010    0.0417   0.042     2.727  0.0005       1.56
  10.0    6014.1   0.0000   1.0       nor  1.0 |       66.58   0.013    0.0553   0.055     3.582  0.0007       47.1
  10.0    6014.1   0.0000   1.0       nor  3.0 |       49.90   0.010    0.0419   0.042     2.781  0.0006       1.67
  10.0    6014.1   0.0000   1.0  perp_los  1.0 |      154.17   0.031    0.1381   0.138     2.755  0.0006       8.78
  10.0    6014.1   0.0000   1.0  perp_los  3.0 |       48.11   0.010    0.0422   0.042     2.701  0.0005        1.8
  10.0    6014.1   0.0075   0.0         -  1.0 |      455.99   0.091    0.3784   0.378     2.826  0.0006          1
  10.0    6014.1   0.0075   0.0         -  3.0 |       64.49   0.013    0.0540   0.054     2.720  0.0005          1
  10.0    6014.1   0.0075   1.0       pro  1.0 |      173.18   0.035    0.1106   0.111     2.876  0.0006       6.93
  10.0    6014.1   0.0075   1.0       pro  3.0 |       38.13   0.008    0.0320   0.032     2.753  0.0006       2.86
  10.0    6014.1   0.0075   1.0       rad  1.0 |       83.31   0.017    0.0701   0.070     2.866  0.0006         30
  10.0    6014.1   0.0075   1.0       rad  3.0 |       51.61   0.010    0.0417   0.042     2.729  0.0005       1.56
  10.0    6014.1   0.0075   1.0       nor  1.0 |       66.35   0.013    0.0551   0.055     3.588  0.0007       47.2
  10.0    6014.1   0.0075   1.0       nor  3.0 |       49.69   0.010    0.0416   0.042     2.780  0.0006       1.68
  10.0    6014.1   0.0075   1.0  perp_los  1.0 |      154.28   0.031    0.1382   0.138     2.758  0.0006       8.74
  10.0    6014.1   0.0075   1.0  perp_los  3.0 |       48.10   0.010    0.0422   0.042     2.704  0.0005        1.8
  10.0    6014.1   0.0417   0.0         -  1.0 |      435.15   0.087    0.3608   0.361     2.951  0.0006          1
  10.0    6014.1   0.0417   0.0         -  3.0 |       64.18   0.013    0.0537   0.054     2.791  0.0006          1
  10.0    6014.1   0.0417   1.0       pro  1.0 |      163.97   0.033    0.1047   0.105     3.104  0.0006       7.04
  10.0    6014.1   0.0417   1.0       pro  3.0 |       36.14   0.007    0.0301   0.030     2.826  0.0006       3.15
  10.0    6014.1   0.0417   1.0       rad  1.0 |       83.25   0.017    0.0699   0.070     2.957  0.0006       27.3
  10.0    6014.1   0.0417   1.0       rad  3.0 |       51.24   0.010    0.0413   0.041     2.800  0.0006       1.57
  10.0    6014.1   0.0417   1.0       nor  1.0 |       65.81   0.013    0.0546   0.055     3.681  0.0007       43.7
  10.0    6014.1   0.0417   1.0       nor  3.0 |       49.62   0.010    0.0410   0.041     2.835  0.0006       1.67
  10.0    6014.1   0.0417   1.0  perp_los  1.0 |      157.49   0.031    0.1410   0.141     2.846  0.0006       7.63
  10.0    6014.1   0.0417   1.0  perp_los  3.0 |       47.89   0.010    0.0421   0.042     2.790  0.0006        1.8
  10.0    6014.1   0.1000   0.0         -  1.0 |      375.97   0.075    0.3107   0.311     3.385  0.0007          1
  10.0    6014.1   0.1000   0.0         -  3.0 |       63.13   0.013    0.0524   0.052     3.056  0.0006          1
  10.0    6014.1   0.1000   1.0       pro  1.0 |      140.03   0.028    0.0893   0.089     3.680  0.0007       7.21
  10.0    6014.1   0.1000   1.0       pro  3.0 |       30.91   0.006    0.0250   0.025     3.097  0.0006       4.17
  10.0    6014.1   0.1000   1.0       rad  1.0 |       83.67   0.017    0.0700   0.070     3.310  0.0007       20.2
  10.0    6014.1   0.1000   1.0       rad  3.0 |       50.02   0.010    0.0399   0.040     3.060  0.0006       1.59
  10.0    6014.1   0.1000   1.0       nor  1.0 |       66.13   0.013    0.0547   0.055     4.018  0.0008       32.3
  10.0    6014.1   0.1000   1.0       nor  3.0 |       51.69   0.010    0.0420   0.042     3.072  0.0006       1.49
  10.0    6014.1   0.1000   1.0  perp_los  1.0 |      172.85   0.035    0.1542   0.154     3.167  0.0006       4.73
  10.0    6014.1   0.1000   1.0  perp_los  3.0 |       47.07   0.009    0.0414   0.041     3.103  0.0006        1.8
  10.0    6014.1   0.2500   0.0         -  1.0 |      262.83   0.053    0.2143   0.214     4.458  0.0009          1
  10.0    6014.1   0.2500   0.0         -  3.0 |       59.36   0.012    0.0485   0.048     3.799  0.0008          1
  10.0    6014.1   0.2500   1.0       pro  1.0 |      114.33   0.023    0.0718   0.072     4.529  0.0009       5.28
  10.0    6014.1   0.2500   1.0       pro  3.0 |       22.90   0.005    0.0173   0.017     3.809  0.0008       6.72
  10.0    6014.1   0.2500   1.0       rad  1.0 |       86.04   0.017    0.0711   0.071     4.333  0.0009       9.33
  10.0    6014.1   0.2500   1.0       rad  3.0 |       46.77   0.009    0.0367   0.037     3.745  0.0007       1.61
  10.0    6014.1   0.2500   1.0       nor  1.0 |       68.61   0.014    0.0561   0.056     5.013  0.0010       14.7
  10.0    6014.1   0.2500   1.0       nor  3.0 |       56.11   0.011    0.0449   0.045     3.728  0.0007       1.12
  10.0    6014.1   0.2500   1.0  perp_los  1.0 |      250.24   0.050    0.2200   0.220     4.192  0.0008        1.1
  10.0    6014.1   0.2500   1.0  perp_los  3.0 |       44.23   0.009    0.0386   0.039     3.922  0.0008        1.8
  10.0    6014.1   1.0000   0.0         -  1.0 |       90.25   0.018    0.0585   0.058     6.544  0.0013          1
  10.0    6014.1   1.0000   0.0         -  3.0 |       37.02   0.007    0.0241   0.024     5.991  0.0012          1
  10.0    6014.1   1.0000   1.0       pro  1.0 |       94.32   0.019    0.0439   0.044     6.206  0.0012      0.916
  10.0    6014.1   1.0000   1.0       pro  3.0 |       18.90   0.004    0.0115   0.011     5.674  0.0011       3.84
  10.0    6014.1   1.0000   1.0       rad  1.0 |       63.96   0.013    0.0424   0.042     6.617  0.0013       1.99
  10.0    6014.1   1.0000   1.0       rad  3.0 |       33.84   0.007    0.0215   0.022     5.804  0.0012        1.2
  10.0    6014.1   1.0000   1.0       nor  1.0 |       59.45   0.012    0.0388   0.039     6.976  0.0014        2.3
  10.0    6014.1   1.0000   1.0       nor  3.0 |       40.50   0.008    0.0261   0.026     5.840  0.0012      0.836
  10.0    6014.1   1.0000   1.0  perp_los  1.0 |      106.30   0.021    0.0763   0.076     6.548  0.0013      0.721
  10.0    6014.1   1.0000   1.0  perp_los  3.0 |       31.95   0.006    0.0222   0.022     6.094  0.0012       1.34

  50.0   30070.4   0.0000   0.0         -  1.0 |      416.17   0.083    0.1517   0.152    11.012  0.0022          1
  50.0   30070.4   0.0000   0.0         -  3.0 |       54.29   0.011    0.0353   0.035    10.718  0.0021          1
  50.0   30070.4   0.0000   1.0       pro  1.0 |      423.26   0.085    0.1287   0.129    11.048  0.0022      0.967
  50.0   30070.4   0.0000   1.0       pro  3.0 |       56.23   0.011    0.0356   0.036    10.741  0.0021      0.932
  50.0   30070.4   0.0000   1.0       rad  1.0 |      342.46   0.068    0.1303   0.130    11.045  0.0022       1.48
  50.0   30070.4   0.0000   1.0       rad  3.0 |       54.25   0.011    0.0350   0.035    10.724  0.0021          1
  50.0   30070.4   0.0000   1.0       nor  1.0 |      386.71   0.077    0.1413   0.141    11.398  0.0023       1.16
  50.0   30070.4   0.0000   1.0       nor  3.0 |       54.26   0.011    0.0353   0.035    10.718  0.0021          1
  50.0   30070.4   0.0000   1.0  perp_los  1.0 |      500.75   0.100    0.1896   0.190    10.963  0.0022      0.691
  50.0   30070.4   0.0000   1.0  perp_los  3.0 |       53.89   0.011    0.0357   0.036    10.707  0.0021       1.02
  50.0   30070.4   0.0075   0.0         -  1.0 |      416.12   0.083    0.1517   0.152    11.013  0.0022          1
  50.0   30070.4   0.0075   0.0         -  3.0 |       54.29   0.011    0.0353   0.035    10.718  0.0021          1
  50.0   30070.4   0.0075   1.0       pro  1.0 |      423.22   0.085    0.1286   0.129    11.049  0.0022      0.967
  50.0   30070.4   0.0075   1.0       pro  3.0 |       56.23   0.011    0.0356   0.036    10.741  0.0021      0.932
  50.0   30070.4   0.0075   1.0       rad  1.0 |      342.43   0.068    0.1303   0.130    11.047  0.0022       1.48
  50.0   30070.4   0.0075   1.0       rad  3.0 |       54.25   0.011    0.0350   0.035    10.725  0.0021          1
  50.0   30070.4   0.0075   1.0       nor  1.0 |      385.65   0.077    0.1409   0.141    11.431  0.0023       1.16
  50.0   30070.4   0.0075   1.0       nor  3.0 |       54.25   0.011    0.0353   0.035    10.719  0.0021          1
  50.0   30070.4   0.0075   1.0  perp_los  1.0 |      500.67   0.100    0.1895   0.190    10.965  0.0022      0.691
  50.0   30070.4   0.0075   1.0  perp_los  3.0 |       53.89   0.011    0.0357   0.036    10.708  0.0021       1.02
  50.0   30070.4   0.0417   0.0         -  1.0 |      414.75   0.083    0.1511   0.151    11.064  0.0022          1
  50.0   30070.4   0.0417   0.0         -  3.0 |       54.27   0.011    0.0353   0.035    10.741  0.0021          1
  50.0   30070.4   0.0417   1.0       pro  1.0 |      421.90   0.084    0.1282   0.128    11.087  0.0022      0.966
  50.0   30070.4   0.0417   1.0       pro  3.0 |       56.20   0.011    0.0356   0.036    10.764  0.0022      0.933
  50.0   30070.4   0.0417   1.0       rad  1.0 |      341.56   0.068    0.1299   0.130    11.092  0.0022       1.47
  50.0   30070.4   0.0417   1.0       rad  3.0 |       54.23   0.011    0.0349   0.035    10.747  0.0021          1
  50.0   30070.4   0.0417   1.0       nor  1.0 |      380.11   0.076    0.1389   0.139    11.609  0.0023       1.19
  50.0   30070.4   0.0417   1.0       nor  3.0 |       54.21   0.011    0.0353   0.035    10.740  0.0021          1
  50.0   30070.4   0.0417   1.0  perp_los  1.0 |      498.49   0.100    0.1887   0.189    11.032  0.0022      0.692
  50.0   30070.4   0.0417   1.0  perp_los  3.0 |       53.86   0.011    0.0356   0.036    10.730  0.0021       1.02
  50.0   30070.4   0.1000   0.0         -  1.0 |      408.34   0.082    0.1485   0.149    11.299  0.0023          1
  50.0   30070.4   0.1000   0.0         -  3.0 |       54.16   0.011    0.0351   0.035    10.847  0.0022          1
  50.0   30070.4   0.1000   1.0       pro  1.0 |      415.70   0.083    0.1262   0.126    11.264  0.0023      0.965
  50.0   30070.4   0.1000   1.0       pro  3.0 |       56.05   0.011    0.0353   0.035    10.870  0.0022      0.934
  50.0   30070.4   0.1000   1.0       rad  1.0 |      337.47   0.067    0.1281   0.128    11.305  0.0023       1.46
  50.0   30070.4   0.1000   1.0       rad  3.0 |       54.11   0.011    0.0347   0.035    10.853  0.0022          1
  50.0   30070.4   0.1000   1.0       nor  1.0 |      368.31   0.074    0.1344   0.134    12.004  0.0024       1.23
  50.0   30070.4   0.1000   1.0       nor  3.0 |       54.06   0.011    0.0350   0.035    10.844  0.0022          1
  50.0   30070.4   0.1000   1.0  perp_los  1.0 |      488.33   0.098    0.1845   0.184    11.339  0.0023      0.699
  50.0   30070.4   0.1000   1.0  perp_los  3.0 |       53.76   0.011    0.0354   0.035    10.837  0.0022       1.01
  50.0   30070.4   0.2500   0.0         -  1.0 |      376.29   0.075    0.1357   0.136    12.489  0.0025          1
  50.0   30070.4   0.2500   0.0         -  3.0 |       53.56   0.011    0.0338   0.034    11.445  0.0023          1
  50.0   30070.4   0.2500   1.0       pro  1.0 |      383.97   0.077    0.1157   0.116    12.210  0.0024       0.96
  50.0   30070.4   0.2500   1.0       pro  3.0 |       55.25   0.011    0.0340   0.034    11.469  0.0023       0.94
  50.0   30070.4   0.2500   1.0       rad  1.0 |      316.57   0.063    0.1192   0.119    12.419  0.0025       1.41
  50.0   30070.4   0.2500   1.0       rad  3.0 |       53.51   0.011    0.0335   0.033    11.448  0.0023          1
  50.0   30070.4   0.2500   1.0       nor  1.0 |      331.58   0.066    0.1202   0.120    13.300  0.0027       1.29
  50.0   30070.4   0.2500   1.0       nor  3.0 |       53.40   0.011    0.0337   0.034    11.437  0.0023       1.01
  50.0   30070.4   0.2500   1.0  perp_los  1.0 |      439.65   0.088    0.1646   0.165    12.777  0.0026      0.733
  50.0   30070.4   0.2500   1.0  perp_los  3.0 |       53.19   0.011    0.0342   0.034    11.438  0.0023       1.01
  50.0   30070.4   1.0000   0.0         -  1.0 |      231.27   0.046    0.0816   0.082    18.488  0.0037          1
  50.0   30070.4   1.0000   0.0         -  3.0 |       49.73   0.010    0.0286   0.029    15.504  0.0031          1
  50.0   30070.4   1.0000   1.0       pro  1.0 |      235.19   0.047    0.0703   0.070    17.899  0.0036      0.967
  50.0   30070.4   1.0000   1.0       pro  3.0 |       50.66   0.010    0.0281   0.028    15.499  0.0031      0.964
  50.0   30070.4   1.0000   1.0       rad  1.0 |      211.16   0.042    0.0777   0.078    18.481  0.0037        1.2
  50.0   30070.4   1.0000   1.0       rad  3.0 |       49.68   0.010    0.0283   0.028    15.488  0.0031          1
  50.0   30070.4   1.0000   1.0       nor  1.0 |      207.81   0.042    0.0743   0.074    18.924  0.0038       1.24
  50.0   30070.4   1.0000   1.0       nor  3.0 |       49.78   0.010    0.0285   0.028    15.476  0.0031      0.998
  50.0   30070.4   1.0000   1.0  perp_los  1.0 |      248.60   0.050    0.0908   0.091    18.807  0.0038      0.865
  50.0   30070.4   1.0000   1.0  perp_los  3.0 |       49.47   0.010    0.0290   0.029    15.523  0.0031       1.01

wrote /Users/pete/space_training/web_data/results/n3d_tightbox_dualcontrol.csv (420 rows)

angle-split: what does the OUT-OF-PLANE angle buy for RANGE?
     da_m   dI_deg    dv  axis    angles |    sig_range  sig_plane
      0.0   0.0000   0.0     -      both |          inf        inf
      0.0   0.0000   0.0     -   inplane |          inf        inf
      0.0   0.0000   0.0     -       oop |          inf        inf

      0.0   0.0000   1.0   nor      both |        12.47      1.763
      0.0   0.0000   1.0   nor   inplane |          inf        inf
      0.0   0.0000   1.0   nor       oop |        83.72      1.804

      0.0   0.0417   0.0     -      both |      1718.09      0.926
      0.0   0.0417   0.0     -   inplane |          inf        inf
      0.0   0.0417   0.0     -       oop |     14631.73      1.273

      0.0   0.0417   1.0   nor      both |        13.71      2.144
      0.0   0.0417   1.0   nor   inplane |          inf        inf
      0.0   0.0417   1.0   nor       oop |        14.45      2.640

      0.0   0.2500   0.0     -      both |       297.82      1.904
      0.0   0.2500   0.0     -   inplane |          inf        inf
      0.0   0.2500   0.0     -       oop |       561.25      2.132

      0.0   0.2500   1.0   nor      both |        24.48      3.807
      0.0   0.2500   1.0   nor   inplane |          inf        inf
      0.0   0.2500   1.0   nor       oop |        24.82      4.056

      0.0   1.0000   0.0     -      both |        67.31      3.389
      0.0   1.0000   0.0     -   inplane |          inf        inf
      0.0   1.0000   0.0     -       oop |       105.63      3.520

      0.0   1.0000   1.0   nor      both |        34.85      4.553
      0.0   1.0000   1.0   nor   inplane |          inf        inf
      0.0   1.0000   1.0   nor       oop |        39.51      4.742

    601.4   0.0000   0.0     -      both |      2354.06      1.051
    601.4   0.0000   0.0     -   inplane |          inf        inf
    601.4   0.0000   0.0     -       oop |          inf        inf

    601.4   0.0000   1.0   nor      both |        15.23      1.911
    601.4   0.0000   1.0   nor   inplane |          inf        inf
    601.4   0.0000   1.0   nor       oop |       198.13      1.977

    601.4   0.0417   0.0     -      both |      1197.15      1.218
    601.4   0.0417   0.0     -   inplane |          inf        inf
    601.4   0.0417   0.0     -       oop |      5448.90      2.665

    601.4   0.0417   1.0   nor      both |        16.03      2.200
    601.4   0.0417   1.0   nor   inplane |          inf        inf
    601.4   0.0417   1.0   nor       oop |        17.41      3.025

    601.4   0.2500   0.0     -      both |       299.48      2.352
    601.4   0.2500   0.0     -   inplane |          inf        inf
    601.4   0.2500   0.0     -       oop |       595.33      2.853

    601.4   0.2500   1.0   nor      both |        26.54      3.791
    601.4   0.2500   1.0   nor   inplane |          inf        inf
    601.4   0.2500   1.0   nor       oop |        27.08      4.153

    601.4   1.0000   0.0     -      both |        68.36      3.752
    601.4   1.0000   0.0     -   inplane |          inf        inf
    601.4   1.0000   0.0     -       oop |       114.32      3.896

    601.4   1.0000   1.0   nor      both |        35.38      4.644
    601.4   1.0000   1.0   nor   inplane |          inf        inf
    601.4   1.0000   1.0   nor       oop |        41.24      4.819

  30070.4   0.0000   0.0     -      both |       416.17     11.012
  30070.4   0.0000   0.0     -   inplane |          inf        inf
  30070.4   0.0000   0.0     -       oop |          inf        inf

  30070.4   0.0000   1.0   nor      both |       386.71     11.398
  30070.4   0.0000   1.0   nor   inplane |          inf        inf
  30070.4   0.0000   1.0   nor       oop |     10782.24     14.176

  30070.4   0.0417   0.0     -      both |       414.75     11.064
  30070.4   0.0417   0.0     -   inplane |          inf        inf
  30070.4   0.0417   0.0     -       oop |      9618.04     21.497

  30070.4   0.0417   1.0   nor      both |       380.11     11.609
  30070.4   0.0417   1.0   nor   inplane |          inf        inf
  30070.4   0.0417   1.0   nor       oop |      1389.68     18.257

  30070.4   0.2500   0.0     -      both |       376.29     12.489
  30070.4   0.2500   0.0     -   inplane |          inf        inf
  30070.4   0.2500   0.0     -       oop |      1628.10     21.913

  30070.4   0.2500   1.0   nor      both |       331.58     13.300
  30070.4   0.2500   1.0   nor   inplane |          inf        inf
  30070.4   0.2500   1.0   nor       oop |       652.24     20.268

  30070.4   1.0000   0.0     -      both |       231.27     18.488
  30070.4   1.0000   0.0     -   inplane |          inf        inf
  30070.4   1.0000   0.0     -       oop |       449.65     25.273

  30070.4   1.0000   1.0   nor      both |       207.81     18.924
  30070.4   1.0000   1.0   nor   inplane |          inf        inf
  30070.4   1.0000   1.0   nor       oop |       334.95     24.760

wrote /Users/pete/space_training/web_data/results/n3d_tightbox_anglesplit.csv (72 rows)

420 + 72 rows in 184.5 s
